
Generic
GDD,       100, 200, 180, 125, 150, 105, 300, 140, 75,  800, 300
GDDstress, 150, 160, 145, 100, 120, 85,  240, 110, 60,  640, 175
LVS,       1.0, 1.9, 1.7, 1.2, 1.4, 1.0, 2.8, 1.3, 0.7, 7.4, 2.8
LVSstress, 1.5, 1.9, 1.4, 1.0, 1.1, 0.8, 2.2, 1.0, 0.6, 5.9, 1.6

TAM107
GDD,       100, 200, 173, 130, 173, 173, 119, 108, 140, 650, 300
GDDstress, 150, 160, 140, 108, 140, 140, 97,  86,  108, 520, 175
LVS,       1.0, 1.9, 1.6, 1.2, 1.6, 1.6, 1.1, 1.0, 1.3, 6.0, 2.8
LVSstress, 1.5, 1.9, 1.3, 1.0, 1.3, 1.3, 0.9, 0.8, 1.0, 4.8, 1.6

Scout66
GDD,       100, 200, 184, 130, 151, 108, 302, 140, 76,  800, 300
GDDstress, 150, 160, 151, 108, 119, 86,  238, 108, 65,  640, 175
LVS,       1.0, 1.9, 1.7, 1.2, 1.4, 1.0, 2.8, 1.3, 0.7, 7.4, 2.8
LVSstress, 1.5, 1.9, 1.4, 1.0, 1.1, 0.8, 2.2, 1.0, 0.6, 5.9, 1.6

Centurk
GDD,       100, 200, 108, 108, 108, 108, 162, 248, 76,  800, 300
GDDstress, 150, 160, 86,  86,  86,  86,  130, 194, 65,  640, 175
LVS,       1.0, 1.9, 1.0, 1.0, 1.0, 1.0, 1.5, 2.3, 0.7, 7.4, 2.8
LVSstress, 1.5, 1.9, 0.8, 0.8, 0.8, 0.8, 1.2, 1.8, 0.6, 5.9, 1.6

Larned
GDD,       100, 200, 184, 130, 151, 108, 302, 140, 76,  660, 300
GDDstress, 150, 160, 151, 108, 119, 86,  238, 108, 65,  528, 175
LVS,       1.0, 1.9, 1.7, 1.2, 1.4, 1.0, 2.8, 1.3, 0.7, 6.1, 2.8
LVSstress, 1.5, 1.9, 1.4, 1.0, 1.1, 0.8, 2.2, 1.0, 0.6, 4.9, 1.6
 Larned
 phenpar           1           1
      100.000
 phenpar           1           2
      200.000
 phenpar           1           3
      184.000
 phenpar           1           4
      130.000
 phenpar           1           5
      151.000
 phenpar           1           6
      108.000
 phenpar           1           7
      302.000
 phenpar           1           8
      140.000
 phenpar           1           9
      76.0000
 phenpar           1          10
      660.000
 phenpar           1          11
      300.000
 phenpar           2           1
      150.000
 phenpar           2           2
      160.000
 phenpar           2           3
      151.000
 phenpar           2           4
      108.000
 phenpar           2           5
      119.000
 phenpar           2           6
      86.0000
 phenpar           2           7
      238.000
 phenpar           2           8
      108.000
 phenpar           2           9
      65.0000
 phenpar           2          10
      528.000
 phenpar           2          11
      175.000
 phenpar           3           1
      107.000
 phenpar           3           2
      203.300
 phenpar           3           3
      181.900
 phenpar           3           4
      128.400
 phenpar           3           5
      149.800
 phenpar           3           6
      107.000
 phenpar           3           7
      299.600
 phenpar           3           8
      139.100
 phenpar           3           9
      74.9000
 phenpar           3          10
      652.700
 phenpar           3          11
      299.600
 phenpar           4           1
      160.500
 phenpar           4           2
      203.300
 phenpar           4           3
      149.800
 phenpar           4           4
      107.000
 phenpar           4           5
      117.700
 phenpar           4           6
      85.6000
 phenpar           4           7
      235.400
 phenpar           4           8
      107.000
 phenpar           4           9
      64.2000
 phenpar           4          10
      524.300
 phenpar           4          11
      171.200
