    2001       1     2.9    -11.2   6.433     0.3    999.9
    2001       2     3.0    -11.2   9.100     0.3    999.9
    2001       3     3.0    -11.2   8.000     0.3    999.9
    2001       4     3.1    -11.1   8.100     0.3    999.9
    2001       5     3.2    -11.0   8.433     0.3    999.9
    2001       6     3.2    -10.9   8.067     0.4    999.9
    2001       7     3.3    -10.9   8.900     0.4    999.9
    2001       8     3.3    -10.8   8.600     0.4    999.9
    2001       9     3.4    -10.8   9.600     0.3    999.9
    2001      10     3.6    -10.7   7.467     0.3    999.9
    2001      11     3.6    -10.7   9.200     0.3    999.9
    2001      12     3.5    -10.8   9.367     0.3    999.9
    2001      13     3.5    -10.7   4.500     0.3    999.9
    2001      14     3.5    -10.7   8.567     0.3    999.9
    2001      15     3.5    -10.7   7.167     0.3    999.9
    2001      16     3.5    -10.7   6.733     0.3    999.9
    2001      17     3.6    -10.6   9.300     0.3    999.9
    2001      18     3.7    -10.5   6.867     0.3    999.9
    2001      19     3.7    -10.4   8.967     0.3    999.9
    2001      20     3.8    -10.4   7.833     0.3    999.9
    2001      21     3.8    -10.3   8.767     0.3    999.9
    2001      22     3.9    -10.3   9.533     0.3    999.9
    2001      23     3.9    -10.2   9.067     0.3    999.9
    2001      24     3.9    -10.2   9.533     0.3    999.9
    2001      25     4.1    -10.1   6.900     0.3    999.9
    2001      26     4.1    -10.1   9.633     0.3    999.9
    2001      27     4.2    -10.0   7.233     0.3    999.9
    2001      28     4.3     -9.9   8.633     0.3    999.9
    2001      29     4.3     -9.8   8.267     0.4    999.9
    2001      30     4.3     -9.8   7.533     0.4    999.9
    2001      31     4.4     -9.7  11.367     0.4    999.9
    2001      32     4.6     -9.6  10.333     0.4    999.9
    2001      33     4.6     -9.6  11.967     0.4    999.9
    2001      34     4.7     -9.5   9.633     0.3    999.9
    2001      35     4.8     -9.4  12.567     0.3    999.9
    2001      36     4.9     -9.2  11.267     0.3    999.9
    2001      37     5.2     -9.1  11.967     0.3    999.9
    2001      38     5.3     -8.9   8.333     0.3    999.9
    2001      39     5.4     -8.8   9.267     0.3    999.9
    2001      40     5.6     -8.7  12.233     0.3    999.9
    2001      41     5.8     -8.5  13.367     0.3    999.9
    2001      42     5.9     -8.3  10.967     0.3    999.9
    2001      43     6.2     -8.2  11.800     0.3    999.9
    2001      44     6.4     -8.1  13.367     0.3    999.9
    2001      45     6.6     -7.8  12.033     0.3    999.9
    2001      46     6.9     -7.7  11.367     0.3    999.9
    2001      47     7.0     -7.6   9.500     0.3    999.9
    2001      48     7.2     -7.4   8.267     0.3    999.9
    2001      49     7.4     -7.2  14.067     0.3    999.9
    2001      50     7.6     -7.1  12.633     0.3    999.9
    2001      51     7.7     -6.9  12.133     0.4    999.9
    2001      52     7.9     -6.8  12.667     0.4    999.9
    2001      53     8.2     -6.6  12.000     0.4    999.9
    2001      54     8.3     -6.4  11.833     0.5    999.9
    2001      55     8.5     -6.3  12.667     0.5    999.9
    2001      56     8.7     -6.1  15.400     0.5    999.9
    2001      57     8.9     -5.9  13.000     0.5    999.9
    2001      58     9.2     -5.7  17.233     0.5    999.9
    2001      59     9.3     -5.6  15.033     0.6    999.9
    2001      60     9.6     -5.4  13.867     0.6    999.9
    2001      61     9.7     -5.2  12.433     0.6    999.9
    2001      62     9.8     -5.1  17.133     0.6    999.9
    2001      63    10.0     -5.0  18.667     0.6    999.9
    2001      64    10.1     -4.9  14.967     0.7    999.9
    2001      65    10.1     -4.8  12.933     0.7    999.9
    2001      66    10.2     -4.8  10.167     0.7    999.9
    2001      67    10.3     -4.7  17.133     0.7    999.9
    2001      68    10.4     -4.6  14.100     0.7    999.9
    2001      69    10.6     -4.6  11.433     0.7    999.9
    2001      70    10.6     -4.5  13.900     0.7    999.9
    2001      71    10.8     -4.4  14.267     0.7    999.9
    2001      72    10.9     -4.3  19.400     0.7    999.9
    2001      73    11.1     -4.2  15.567     0.8    999.9
    2001      74    11.0     -4.1  12.667     0.8    999.9
    2001      75    11.1     -4.1  19.300     0.9    999.9
    2001      76    11.1     -4.0  15.733     0.9    999.9
    2001      77    11.2     -3.9  13.967     0.9    999.9
    2001      78    11.4     -3.8  18.467     0.9    999.9
    2001      79    11.5     -3.6  13.867     1.0    999.9
    2001      80    11.6     -3.5  13.600     0.9    999.9
    2001      81    11.7     -3.4  17.033     0.9    999.9
    2001      82    11.9     -3.2  16.333     0.9    999.9
    2001      83    12.1     -3.1  15.200     0.9    999.9
    2001      84    12.3     -3.0  15.300     0.9    999.9
    2001      85    12.3     -2.9  18.267     0.9    999.9
    2001      86    12.3     -2.8  18.267     0.9    999.9
    2001      87    12.4     -2.7  15.433     1.0    999.9
    2001      88    12.5     -2.6  15.967     0.9    999.9
    2001      89    12.6     -2.5  13.967     1.0    999.9
    2001      90    12.8     -2.4  19.600     1.0    999.9
    2001      91    12.9     -2.3  18.500     1.0    999.9
    2001      92    13.1     -2.2  12.233     1.0    999.9
    2001      93    13.3     -2.1  18.000     0.9    999.9
    2001      94    13.6     -1.9  15.200     1.0    999.9
    2001      95    13.8     -1.7  17.600     1.0    999.9
    2001      96    13.9     -1.6  18.667     1.0    999.9
    2001      97    14.1     -1.4  21.267     1.0    999.9
    2001      98    14.3     -1.2  19.700     1.1    999.9
    2001      99    14.5     -1.0  21.967     1.1    999.9
    2001     100    14.7     -0.8  15.933     1.1    999.9
    2001     101    14.8     -0.7  18.300     1.2    999.9
    2001     102    15.0     -0.6  23.733     1.2    999.9
    2001     103    15.3     -0.3  20.500     1.2    999.9
    2001     104    15.5     -0.2  14.400     1.2    999.9
    2001     105    15.7      0.1  15.200     1.1    999.9
    2001     106    15.9      0.2  17.100     1.2    999.9
    2001     107    16.1      0.3  25.400     1.3    999.9
    2001     108    16.2      0.6  23.500     1.3    999.9
    2001     109    16.4      0.7  19.133     1.3    999.9
    2001     110    16.7      0.9  19.733     1.4    999.9
    2001     111    16.9      1.1  21.933     1.4    999.9
    2001     112    17.0      1.3   9.433     1.5    999.9
    2001     113    17.2      1.5  16.500     1.6    999.9
    2001     114    17.4      1.7  15.400     1.6    999.9
    2001     115    17.6      1.9  23.033     1.7    999.9
    2001     116    17.8      2.1  23.200     1.7    999.9
    2001     117    18.1      2.3  25.200     1.7    999.9
    2001     118    18.3      2.4  21.867     1.7    999.9
    2001     119    18.4      2.7  17.367     1.8    999.9
    2001     120    18.6      2.8  12.967     1.9    999.9
    2001     121    18.8      3.1  17.033     1.9    999.9
    2001     122    19.1      3.2  16.633     1.9    999.9
    2001     123    19.2      3.4  17.167     2.0    999.9
    2001     124    19.2      3.6  16.967     2.1    999.9
    2001     125    19.5      3.8  18.667     2.0    999.9
    2001     126    19.7      4.1  25.200     2.1    999.9
    2001     127    19.9      4.2  25.333     2.1    999.9
    2001     128    20.1      4.4  21.500     2.1    999.9
    2001     129    20.1      4.6  25.467     2.2    999.9
    2001     130    20.3      4.7  20.900     2.1    999.9
    2001     131    20.4      4.9  22.767     2.1    999.9
    2001     132    20.6      5.1  26.800     2.2    999.9
    2001     133    20.7      5.3  27.000     2.3    999.9
    2001     134    20.9      5.5  23.567     2.3    999.9
    2001     135    21.1      5.7  25.267     2.4    999.9
    2001     136    21.3      5.9  17.433     2.4    999.9
    2001     137    21.4      6.1  17.300     2.4    999.9
    2001     138    21.6      6.2  24.967     2.5    999.9
    2001     139    21.8      6.4  19.900     2.4    999.9
    2001     140    21.9      6.6  21.500     2.5    999.9
    2001     141    22.1      6.7  26.667     2.6    999.9
    2001     142    22.2      6.9  25.800     2.5    999.9
    2001     143    22.4      7.1  29.000     2.5    999.9
    2001     144    22.6      7.3  23.233     2.5    999.9
    2001     145    22.8      7.4  21.733     2.5    999.9
    2001     146    23.0      7.7  21.400     2.6    999.9
    2001     147    23.2      7.8  22.833     2.7    999.9
    2001     148    23.4      8.1  24.900     2.6    999.9
    2001     149    23.6      8.2  23.433     2.5    999.9
    2001     150    23.8      8.4  22.933     2.5    999.9
    2001     151    23.9      8.5  17.900     2.5    999.9
    2001     152    24.1      8.7  29.233     2.4    999.9
    2001     153    24.3      8.8  27.833     2.4    999.9
    2001     154    24.4      8.9  21.067     2.4    999.9
    2001     155    24.5      9.0  21.833     2.4    999.9
    2001     156    24.7      9.2  26.967     2.4    999.9
    2001     157    24.9      9.3  28.133     2.4    999.9
    2001     158    25.2      9.4  25.767     2.4    999.9
    2001     159    25.4      9.6  30.500     2.4    999.9
    2001     160    25.7      9.8  26.767     2.3    999.9
    2001     161    26.0     10.0  24.867     2.3    999.9
    2001     162    26.3     10.2  23.367     2.2    999.9
    2001     163    26.6     10.3  24.033     2.2    999.9
    2001     164    26.8     10.4  22.200     2.2    999.9
    2001     165    27.1     10.7  26.400     2.1    999.9
    2001     166    27.4     10.8  23.233     2.0    999.9
    2001     167    27.7     11.0  23.267     1.9    999.9
    2001     168    27.9     11.2  24.700     1.9    999.9
    2001     169    28.2     11.3  29.933     1.8    999.9
    2001     170    28.5     11.5  25.800     1.7    999.9
    2001     171    28.8     11.6  24.500     1.7    999.9
    2001     172    29.0     11.8  29.233     1.7    999.9
    2001     173    29.2     11.9  25.267     1.7    999.9
    2001     174    29.4     12.1  26.767     1.6    999.9
    2001     175    29.7     12.3  28.200     1.5    999.9
    2001     176    29.9     12.4  26.000     1.5    999.9
    2001     177    30.1     12.6  25.100     1.5    999.9
    2001     178    30.3     12.7  17.767     1.5    999.9
    2001     179    30.4     12.8  28.600     1.6    999.9
    2001     180    30.6     12.9  25.167     1.6    999.9
    2001     181    30.8     13.1  26.100     1.6    999.9
    2001     182    30.9     13.2  27.800     1.6    999.9
    2001     183    31.1     13.3  25.200     1.6    999.9
    2001     184    31.3     13.4  24.167     1.7    999.9
    2001     185    31.4     13.6  27.467     1.8    999.9
    2001     186    31.6     13.7  26.333     1.9    999.9
    2001     187    31.6     13.8  26.367     1.9    999.9
    2001     188    31.6     13.8  29.267     2.0    999.9
    2001     189    31.7     13.9  27.233     2.1    999.9
    2001     190    31.7     13.9  26.833     2.2    999.9
    2001     191    31.7     13.9  23.900     2.2    999.9
    2001     192    31.7     14.0  26.533     2.2    999.9
    2001     193    31.7     14.1  23.633     2.2    999.9
    2001     194    31.7     14.1  26.967     2.3    999.9
    2001     195    31.7     14.2  23.633     2.2    999.9
    2001     196    31.7     14.2  21.767     2.2    999.9
    2001     197    31.8     14.3  16.833     2.3    999.9
    2001     198    31.7     14.3  17.067     2.4    999.9
    2001     199    31.6     14.3  24.033     2.4    999.9
    2001     200    31.6     14.3  23.400     2.4    999.9
    2001     201    31.5     14.3  23.767     2.3    999.9
    2001     202    31.4     14.3  23.500     2.4    999.9
    2001     203    31.3     14.2  26.300     2.5    999.9
    2001     204    31.1     14.2  22.200     2.5    999.9
    2001     205    31.1     14.2  24.200     2.6    999.9
    2001     206    31.1     14.1  26.467     2.6    999.9
    2001     207    31.0     14.1  18.267     2.5    999.9
    2001     208    30.9     14.1  25.033     2.5    999.9
    2001     209    30.9     14.1  26.033     2.5    999.9
    2001     210    30.8     14.0  25.300     2.5    999.9
    2001     211    30.8     14.0  25.533     2.6    999.9
    2001     212    30.7     13.9  23.667     2.6    999.9
    2001     213    30.6     13.9  16.967     2.6    999.9
    2001     214    30.6     13.9  19.833     2.4    999.9
    2001     215    30.6     13.8  23.600     2.4    999.9
    2001     216    30.5     13.8  19.500     2.4    999.9
    2001     217    30.6     13.8  15.267     2.2    999.9
    2001     218    30.6     13.8  22.200     2.1    999.9
    2001     219    30.6     13.8  25.900     2.0    999.9
    2001     220    30.7     13.8  25.800     2.0    999.9
    2001     221    30.7     13.7  23.067     2.0    999.9
    2001     222    30.6     13.7  21.167     2.0    999.9
    2001     223    30.6     13.6  25.433     2.0    999.9
    2001     224    30.6     13.6  19.533     2.0    999.9
    2001     225    30.6     13.6  22.200     2.0    999.9
    2001     226    30.5     13.4  23.333     1.9    999.9
    2001     227    30.5     13.3  21.300     1.9    999.9
    2001     228    30.6     13.3  17.100     1.9    999.9
    2001     229    30.6     13.2  20.200     1.8    999.9
    2001     230    30.5     13.1  23.433     1.9    999.9
    2001     231    30.4     13.1  22.767     1.8    999.9
    2001     232    30.4     13.1  19.500     1.7    999.9
    2001     233    30.5     13.0  17.667     1.6    999.9
    2001     234    30.4     12.9  22.033     1.5    999.9
    2001     235    30.4     12.8  20.433     1.5    999.9
    2001     236    30.3     12.7  23.633     1.5    999.9
    2001     237    30.2     12.6  18.833     1.4    999.9
    2001     238    30.1     12.5  23.133     1.3    999.9
    2001     239    30.1     12.4  22.900     1.3    999.9
    2001     240    30.0     12.3  19.800     1.2    999.9
    2001     241    29.8     12.2  21.867     1.2    999.9
    2001     242    29.7     11.9  21.933     1.1    999.9
    2001     243    29.4     11.8  13.300     1.1    999.9
    2001     244    29.2     11.6  20.467     1.2    999.9
    2001     245    28.9     11.4  20.767     1.1    999.9
    2001     246    28.8     11.2  21.400     1.1    999.9
    2001     247    28.6     11.1  22.267     1.1    999.9
    2001     248    28.4     10.8  19.067     1.2    999.9
    2001     249    28.2     10.6  21.233     1.1    999.9
    2001     250    27.9     10.3  21.000     1.1    999.9
    2001     251    27.6     10.1  15.700     1.1    999.9
    2001     252    27.3      9.8  22.567     1.0    999.9
    2001     253    27.0      9.5  21.833     1.0    999.9
    2001     254    26.7      9.3  18.133     0.9    999.9
    2001     255    26.6      9.1  21.033     0.9    999.9
    2001     256    26.3      8.8  20.567     0.8    999.9
    2001     257    26.1      8.6  19.033     0.8    999.9
    2001     258    25.8      8.3  14.967     0.8    999.9
    2001     259    25.6      8.1  18.700     0.8    999.9
    2001     260    25.4      7.9  13.333     0.8    999.9
    2001     261    25.2      7.6  17.900     0.8    999.9
    2001     262    24.9      7.4  12.133     0.8    999.9
    2001     263    24.7      7.1  15.300     0.8    999.9
    2001     264    24.3      6.9  18.600     0.8    999.9
    2001     265    24.0      6.6  13.700     0.8    999.9
    2001     266    23.8      6.3  13.800     0.8    999.9
    2001     267    23.5      6.1  12.767     0.9    999.9
    2001     268    23.2      5.8  19.933     0.9    999.9
    2001     269    22.8      5.5  18.533     0.9    999.9
    2001     270    22.7      5.3  14.900     0.8    999.9
    2001     271    22.6      5.1  14.967     0.9    999.9
    2001     272    22.5      4.9  15.333     0.8    999.9
    2001     273    22.3      4.7  18.200     0.8    999.9
    2001     274    22.1      4.4  17.367     0.8    999.9
    2001     275    21.9      4.2  18.233     0.8    999.9
    2001     276    21.6      4.0  15.133     0.8    999.9
    2001     277    21.3      3.7   9.867     0.8    999.9
    2001     278    21.1      3.6  10.633     0.7    999.9
    2001     279    20.9      3.3  13.000     0.7    999.9
    2001     280    20.7      3.2  10.700     0.7    999.9
    2001     281    20.6      3.0  16.000     0.7    999.9
    2001     282    20.4      2.8  16.700     0.8    999.9
    2001     283    20.2      2.6  16.867     0.8    999.9
    2001     284    19.9      2.4  15.933     0.8    999.9
    2001     285    19.7      2.2  14.567     0.8    999.9
    2001     286    19.5      2.0  12.167     0.7    999.9
    2001     287    19.3      1.8  14.667     0.7    999.9
    2001     288    19.1      1.6  13.467     0.7    999.9
    2001     289    18.8      1.3  11.733     0.7    999.9
    2001     290    18.4      1.1  14.767     0.7    999.9
    2001     291    18.1      0.9  13.767     0.7    999.9
    2001     292    17.7      0.7  15.200     0.7    999.9
    2001     293    17.4      0.4  13.033     0.7    999.9
    2001     294    17.1      0.2  13.933     0.7    999.9
    2001     295    16.8      0.1  10.167     0.7    999.9
    2001     296    16.6     -0.2  12.200     0.7    999.9
    2001     297    16.4     -0.3  13.300     0.7    999.9
    2001     298    16.2     -0.4  14.667     0.7    999.9
    2001     299    15.8     -0.7  14.267     0.7    999.9
    2001     300    15.4     -0.9  10.367     0.6    999.9
    2001     301    15.1     -1.2   8.800     0.6    999.9
    2001     302    14.7     -1.4   8.800     0.7    999.9
    2001     303    14.4     -1.6  10.967     0.7    999.9
    2001     304    14.1     -1.8   8.767     0.6    999.9
    2001     305    13.9     -2.1  10.667     0.6    999.9
    2001     306    13.6     -2.3  10.700     0.6    999.9
    2001     307    13.4     -2.4  10.200     0.6    999.9
    2001     308    13.2     -2.6  12.567     0.6    999.9
    2001     309    12.9     -2.8   9.633     0.6    999.9
    2001     310    12.6     -3.0  11.033     0.6    999.9
    2001     311    12.2     -3.2  11.267     0.6    999.9
    2001     312    11.9     -3.4  12.333     0.6    999.9
    2001     313    11.6     -3.6  11.567     0.6    999.9
    2001     314    11.3     -3.9   8.600     0.6    999.9
    2001     315    10.9     -4.2   7.533     0.6    999.9
    2001     316    10.6     -4.4  11.967     0.6    999.9
    2001     317    10.3     -4.6  11.767     0.6    999.9
    2001     318     9.9     -4.9  11.933     0.6    999.9
    2001     319     9.7     -5.1  10.333     0.6    999.9
    2001     320     9.4     -5.3  11.600     0.6    999.9
    2001     321     9.2     -5.5  11.233     0.6    999.9
    2001     322     9.1     -5.7   9.167     0.5    999.9
    2001     323     8.9     -5.8  11.267     0.5    999.9
    2001     324     8.8     -6.0   9.700     0.5    999.9
    2001     325     8.6     -6.2  10.600     0.5    999.9
    2001     326     8.3     -6.4   5.933     0.5    999.9
    2001     327     8.0     -6.6   7.900     0.5    999.9
    2001     328     7.8     -6.8  10.633     0.5    999.9
    2001     329     7.6     -6.9   7.033     0.5    999.9
    2001     330     7.4     -7.1   8.300     0.5    999.9
    2001     331     7.3     -7.2   7.533     0.4    999.9
    2001     332     7.2     -7.3   8.333     0.4    999.9
    2001     333     7.0     -7.5   7.333     0.4    999.9
    2001     334     6.8     -7.6   9.000     0.4    999.9
    2001     335     6.7     -7.8   8.833     0.4    999.9
    2001     336     6.4     -7.9   9.633     0.4    999.9
    2001     337     6.3     -8.1   5.600     0.4    999.9
    2001     338     6.1     -8.3   9.333     0.4    999.9
    2001     339     5.9     -8.4   7.300     0.4    999.9
    2001     340     5.7     -8.6   9.667     0.4    999.9
    2001     341     5.5     -8.8   7.167     0.3    999.9
    2001     342     5.3     -8.9   5.867     0.3    999.9
    2001     343     5.3     -9.0   9.500     0.3    999.9
    2001     344     5.0     -9.2   4.867     0.3    999.9
    2001     345     4.8     -9.3   9.100     0.4    999.9
    2001     346     4.7     -9.4   6.900     0.3    999.9
    2001     347     4.8     -9.4   6.867     0.3    999.9
    2001     348     4.7     -9.4   8.033     0.3    999.9
    2001     349     4.7     -9.6   6.467     0.3    999.9
    2001     350     4.6     -9.6   9.467     0.3    999.9
    2001     351     4.5     -9.7   7.200     0.3    999.9
    2001     352     4.4     -9.8   6.400     0.3    999.9
    2001     353     4.2    -10.0   7.633     0.3    999.9
    2001     354     4.1    -10.2   7.233     0.3    999.9
    2001     355     3.9    -10.3   7.800     0.3    999.9
    2001     356     3.8    -10.4   5.767     0.3    999.9
    2001     357     3.7    -10.5   9.367     0.3    999.9
    2001     358     3.6    -10.6   7.700     0.3    999.9
    2001     359     3.5    -10.8   4.867     0.3    999.9
    2001     360     3.3    -10.9   9.467     0.3    999.9
    2001     361     3.2    -11.0   9.033     0.3    999.9
    2001     362     3.1    -11.1   5.533     0.3    999.9
    2001     363     3.0    -11.2   9.000     0.3    999.9
    2001     364     2.9    -11.2   6.800     0.3    999.9
    2001     365     2.9    -11.3   9.033     0.3    999.9
    2002       1     2.9    -11.2   6.433     0.3    999.9
    2002       2     3.0    -11.2   9.100     0.3    999.9
    2002       3     3.0    -11.2   8.000     0.3    999.9
    2002       4     3.1    -11.1   8.100     0.3    999.9
    2002       5     3.2    -11.0   8.433     0.3    999.9
    2002       6     3.2    -10.9   8.067     0.4    999.9
    2002       7     3.3    -10.9   8.900     0.4    999.9
    2002       8     3.3    -10.8   8.600     0.4    999.9
    2002       9     3.4    -10.8   9.600     0.3    999.9
    2002      10     3.6    -10.7   7.467     0.3    999.9
    2002      11     3.6    -10.7   9.200     0.3    999.9
    2002      12     3.5    -10.8   9.367     0.3    999.9
    2002      13     3.5    -10.7   4.500     0.3    999.9
    2002      14     3.5    -10.7   8.567     0.3    999.9
    2002      15     3.5    -10.7   7.167     0.3    999.9
    2002      16     3.5    -10.7   6.733     0.3    999.9
    2002      17     3.6    -10.6   9.300     0.3    999.9
    2002      18     3.7    -10.5   6.867     0.3    999.9
    2002      19     3.7    -10.4   8.967     0.3    999.9
    2002      20     3.8    -10.4   7.833     0.3    999.9
    2002      21     3.8    -10.3   8.767     0.3    999.9
    2002      22     3.9    -10.3   9.533     0.3    999.9
    2002      23     3.9    -10.2   9.067     0.3    999.9
    2002      24     3.9    -10.2   9.533     0.3    999.9
    2002      25     4.1    -10.1   6.900     0.3    999.9
    2002      26     4.1    -10.1   9.633     0.3    999.9
    2002      27     4.2    -10.0   7.233     0.3    999.9
    2002      28     4.3     -9.9   8.633     0.3    999.9
    2002      29     4.3     -9.8   8.267     0.4    999.9
    2002      30     4.3     -9.8   7.533     0.4    999.9
    2002      31     4.4     -9.7  11.367     0.4    999.9
    2002      32     4.6     -9.6  10.333     0.4    999.9
    2002      33     4.6     -9.6  11.967     0.4    999.9
    2002      34     4.7     -9.5   9.633     0.3    999.9
    2002      35     4.8     -9.4  12.567     0.3    999.9
    2002      36     4.9     -9.2  11.267     0.3    999.9
    2002      37     5.2     -9.1  11.967     0.3    999.9
    2002      38     5.3     -8.9   8.333     0.3    999.9
    2002      39     5.4     -8.8   9.267     0.3    999.9
    2002      40     5.6     -8.7  12.233     0.3    999.9
    2002      41     5.8     -8.5  13.367     0.3    999.9
    2002      42     5.9     -8.3  10.967     0.3    999.9
    2002      43     6.2     -8.2  11.800     0.3    999.9
    2002      44     6.4     -8.1  13.367     0.3    999.9
    2002      45     6.6     -7.8  12.033     0.3    999.9
    2002      46     6.9     -7.7  11.367     0.3    999.9
    2002      47     7.0     -7.6   9.500     0.3    999.9
    2002      48     7.2     -7.4   8.267     0.3    999.9
    2002      49     7.4     -7.2  14.067     0.3    999.9
    2002      50     7.6     -7.1  12.633     0.3    999.9
    2002      51     7.7     -6.9  12.133     0.4    999.9
    2002      52     7.9     -6.8  12.667     0.4    999.9
    2002      53     8.2     -6.6  12.000     0.4    999.9
    2002      54     8.3     -6.4  11.833     0.5    999.9
    2002      55     8.5     -6.3  12.667     0.5    999.9
    2002      56     8.7     -6.1  15.400     0.5    999.9
    2002      57     8.9     -5.9  13.000     0.5    999.9
    2002      58     9.2     -5.7  17.233     0.5    999.9
    2002      59     9.3     -5.6  15.033     0.6    999.9
    2002      60     9.6     -5.4  13.867     0.6    999.9
    2002      61     9.7     -5.2  12.433     0.6    999.9
    2002      62     9.8     -5.1  17.133     0.6    999.9
    2002      63    10.0     -5.0  18.667     0.6    999.9
    2002      64    10.1     -4.9  14.967     0.7    999.9
    2002      65    10.1     -4.8  12.933     0.7    999.9
    2002      66    10.2     -4.8  10.167     0.7    999.9
    2002      67    10.3     -4.7  17.133     0.7    999.9
    2002      68    10.4     -4.6  14.100     0.7    999.9
    2002      69    10.6     -4.6  11.433     0.7    999.9
    2002      70    10.6     -4.5  13.900     0.7    999.9
    2002      71    10.8     -4.4  14.267     0.7    999.9
    2002      72    10.9     -4.3  19.400     0.7    999.9
    2002      73    11.1     -4.2  15.567     0.8    999.9
    2002      74    11.0     -4.1  12.667     0.8    999.9
    2002      75    11.1     -4.1  19.300     0.9    999.9
    2002      76    11.1     -4.0  15.733     0.9    999.9
    2002      77    11.2     -3.9  13.967     0.9    999.9
    2002      78    11.4     -3.8  18.467     0.9    999.9
    2002      79    11.5     -3.6  13.867     1.0    999.9
    2002      80    11.6     -3.5  13.600     0.9    999.9
    2002      81    11.7     -3.4  17.033     0.9    999.9
    2002      82    11.9     -3.2  16.333     0.9    999.9
    2002      83    12.1     -3.1  15.200     0.9    999.9
    2002      84    12.3     -3.0  15.300     0.9    999.9
    2002      85    12.3     -2.9  18.267     0.9    999.9
    2002      86    12.3     -2.8  18.267     0.9    999.9
    2002      87    12.4     -2.7  15.433     1.0    999.9
    2002      88    12.5     -2.6  15.967     0.9    999.9
    2002      89    12.6     -2.5  13.967     1.0    999.9
    2002      90    12.8     -2.4  19.600     1.0    999.9
    2002      91    12.9     -2.3  18.500     1.0    999.9
    2002      92    13.1     -2.2  12.233     1.0    999.9
    2002      93    13.3     -2.1  18.000     0.9    999.9
    2002      94    13.6     -1.9  15.200     1.0    999.9
    2002      95    13.8     -1.7  17.600     1.0    999.9
    2002      96    13.9     -1.6  18.667     1.0    999.9
    2002      97    14.1     -1.4  21.267     1.0    999.9
    2002      98    14.3     -1.2  19.700     1.1    999.9
    2002      99    14.5     -1.0  21.967     1.1    999.9
    2002     100    14.7     -0.8  15.933     1.1    999.9
    2002     101    14.8     -0.7  18.300     1.2    999.9
    2002     102    15.0     -0.6  23.733     1.2    999.9
    2002     103    15.3     -0.3  20.500     1.2    999.9
    2002     104    15.5     -0.2  14.400     1.2    999.9
    2002     105    15.7      0.1  15.200     1.1    999.9
    2002     106    15.9      0.2  17.100     1.2    999.9
    2002     107    16.1      0.3  25.400     1.3    999.9
    2002     108    16.2      0.6  23.500     1.3    999.9
    2002     109    16.4      0.7  19.133     1.3    999.9
    2002     110    16.7      0.9  19.733     1.4    999.9
    2002     111    16.9      1.1  21.933     1.4    999.9
    2002     112    17.0      1.3   9.433     1.5    999.9
    2002     113    17.2      1.5  16.500     1.6    999.9
    2002     114    17.4      1.7  15.400     1.6    999.9
    2002     115    17.6      1.9  23.033     1.7    999.9
    2002     116    17.8      2.1  23.200     1.7    999.9
    2002     117    18.1      2.3  25.200     1.7    999.9
    2002     118    18.3      2.4  21.867     1.7    999.9
    2002     119    18.4      2.7  17.367     1.8    999.9
    2002     120    18.6      2.8  12.967     1.9    999.9
    2002     121    18.8      3.1  17.033     1.9    999.9
    2002     122    19.1      3.2  16.633     1.9    999.9
    2002     123    19.2      3.4  17.167     2.0    999.9
    2002     124    19.2      3.6  16.967     2.1    999.9
    2002     125    19.5      3.8  18.667     2.0    999.9
    2002     126    19.7      4.1  25.200     2.1    999.9
    2002     127    19.9      4.2  25.333     2.1    999.9
    2002     128    20.1      4.4  21.500     2.1    999.9
    2002     129    20.1      4.6  25.467     2.2    999.9
    2002     130    20.3      4.7  20.900     2.1    999.9
    2002     131    20.4      4.9  22.767     2.1    999.9
    2002     132    20.6      5.1  26.800     2.2    999.9
    2002     133    20.7      5.3  27.000     2.3    999.9
    2002     134    20.9      5.5  23.567     2.3    999.9
    2002     135    21.1      5.7  25.267     2.4    999.9
    2002     136    21.3      5.9  17.433     2.4    999.9
    2002     137    21.4      6.1  17.300     2.4    999.9
    2002     138    21.6      6.2  24.967     2.5    999.9
    2002     139    21.8      6.4  19.900     2.4    999.9
    2002     140    21.9      6.6  21.500     2.5    999.9
    2002     141    22.1      6.7  26.667     2.6    999.9
    2002     142    22.2      6.9  25.800     2.5    999.9
    2002     143    22.4      7.1  29.000     2.5    999.9
    2002     144    22.6      7.3  23.233     2.5    999.9
    2002     145    22.8      7.4  21.733     2.5    999.9
    2002     146    23.0      7.7  21.400     2.6    999.9
    2002     147    23.2      7.8  22.833     2.7    999.9
    2002     148    23.4      8.1  24.900     2.6    999.9
    2002     149    23.6      8.2  23.433     2.5    999.9
    2002     150    23.8      8.4  22.933     2.5    999.9
    2002     151    23.9      8.5  17.900     2.5    999.9
    2002     152    24.1      8.7  29.233     2.4    999.9
    2002     153    24.3      8.8  27.833     2.4    999.9
    2002     154    24.4      8.9  21.067     2.4    999.9
    2002     155    24.5      9.0  21.833     2.4    999.9
    2002     156    24.7      9.2  26.967     2.4    999.9
    2002     157    24.9      9.3  28.133     2.4    999.9
    2002     158    25.2      9.4  25.767     2.4    999.9
    2002     159    25.4      9.6  30.500     2.4    999.9
    2002     160    25.7      9.8  26.767     2.3    999.9
    2002     161    26.0     10.0  24.867     2.3    999.9
    2002     162    26.3     10.2  23.367     2.2    999.9
    2002     163    26.6     10.3  24.033     2.2    999.9
    2002     164    26.8     10.4  22.200     2.2    999.9
    2002     165    27.1     10.7  26.400     2.1    999.9
    2002     166    27.4     10.8  23.233     2.0    999.9
    2002     167    27.7     11.0  23.267     1.9    999.9
    2002     168    27.9     11.2  24.700     1.9    999.9
    2002     169    28.2     11.3  29.933     1.8    999.9
    2002     170    28.5     11.5  25.800     1.7    999.9
    2002     171    28.8     11.6  24.500     1.7    999.9
    2002     172    29.0     11.8  29.233     1.7    999.9
    2002     173    29.2     11.9  25.267     1.7    999.9
    2002     174    29.4     12.1  26.767     1.6    999.9
    2002     175    29.7     12.3  28.200     1.5    999.9
    2002     176    29.9     12.4  26.000     1.5    999.9
    2002     177    30.1     12.6  25.100     1.5    999.9
    2002     178    30.3     12.7  17.767     1.5    999.9
    2002     179    30.4     12.8  28.600     1.6    999.9
    2002     180    30.6     12.9  25.167     1.6    999.9
    2002     181    30.8     13.1  26.100     1.6    999.9
    2002     182    30.9     13.2  27.800     1.6    999.9
    2002     183    31.1     13.3  25.200     1.6    999.9
    2002     184    31.3     13.4  24.167     1.7    999.9
    2002     185    31.4     13.6  27.467     1.8    999.9
    2002     186    31.6     13.7  26.333     1.9    999.9
    2002     187    31.6     13.8  26.367     1.9    999.9
    2002     188    31.6     13.8  29.267     2.0    999.9
    2002     189    31.7     13.9  27.233     2.1    999.9
    2002     190    31.7     13.9  26.833     2.2    999.9
    2002     191    31.7     13.9  23.900     2.2    999.9
    2002     192    31.7     14.0  26.533     2.2    999.9
    2002     193    31.7     14.1  23.633     2.2    999.9
    2002     194    31.7     14.1  26.967     2.3    999.9
    2002     195    31.7     14.2  23.633     2.2    999.9
    2002     196    31.7     14.2  21.767     2.2    999.9
    2002     197    31.8     14.3  16.833     2.3    999.9
    2002     198    31.7     14.3  17.067     2.4    999.9
    2002     199    31.6     14.3  24.033     2.4    999.9
    2002     200    31.6     14.3  23.400     2.4    999.9
    2002     201    31.5     14.3  23.767     2.3    999.9
    2002     202    31.4     14.3  23.500     2.4    999.9
    2002     203    31.3     14.2  26.300     2.5    999.9
    2002     204    31.1     14.2  22.200     2.5    999.9
    2002     205    31.1     14.2  24.200     2.6    999.9
    2002     206    31.1     14.1  26.467     2.6    999.9
    2002     207    31.0     14.1  18.267     2.5    999.9
    2002     208    30.9     14.1  25.033     2.5    999.9
    2002     209    30.9     14.1  26.033     2.5    999.9
    2002     210    30.8     14.0  25.300     2.5    999.9
    2002     211    30.8     14.0  25.533     2.6    999.9
    2002     212    30.7     13.9  23.667     2.6    999.9
    2002     213    30.6     13.9  16.967     2.6    999.9
    2002     214    30.6     13.9  19.833     2.4    999.9
    2002     215    30.6     13.8  23.600     2.4    999.9
    2002     216    30.5     13.8  19.500     2.4    999.9
    2002     217    30.6     13.8  15.267     2.2    999.9
    2002     218    30.6     13.8  22.200     2.1    999.9
    2002     219    30.6     13.8  25.900     2.0    999.9
    2002     220    30.7     13.8  25.800     2.0    999.9
    2002     221    30.7     13.7  23.067     2.0    999.9
    2002     222    30.6     13.7  21.167     2.0    999.9
    2002     223    30.6     13.6  25.433     2.0    999.9
    2002     224    30.6     13.6  19.533     2.0    999.9
    2002     225    30.6     13.6  22.200     2.0    999.9
    2002     226    30.5     13.4  23.333     1.9    999.9
    2002     227    30.5     13.3  21.300     1.9    999.9
    2002     228    30.6     13.3  17.100     1.9    999.9
    2002     229    30.6     13.2  20.200     1.8    999.9
    2002     230    30.5     13.1  23.433     1.9    999.9
    2002     231    30.4     13.1  22.767     1.8    999.9
    2002     232    30.4     13.1  19.500     1.7    999.9
    2002     233    30.5     13.0  17.667     1.6    999.9
    2002     234    30.4     12.9  22.033     1.5    999.9
    2002     235    30.4     12.8  20.433     1.5    999.9
    2002     236    30.3     12.7  23.633     1.5    999.9
    2002     237    30.2     12.6  18.833     1.4    999.9
    2002     238    30.1     12.5  23.133     1.3    999.9
    2002     239    30.1     12.4  22.900     1.3    999.9
    2002     240    30.0     12.3  19.800     1.2    999.9
    2002     241    29.8     12.2  21.867     1.2    999.9
    2002     242    29.7     11.9  21.933     1.1    999.9
    2002     243    29.4     11.8  13.300     1.1    999.9
    2002     244    29.2     11.6  20.467     1.2    999.9
    2002     245    28.9     11.4  20.767     1.1    999.9
    2002     246    28.8     11.2  21.400     1.1    999.9
    2002     247    28.6     11.1  22.267     1.1    999.9
    2002     248    28.4     10.8  19.067     1.2    999.9
    2002     249    28.2     10.6  21.233     1.1    999.9
    2002     250    27.9     10.3  21.000     1.1    999.9
    2002     251    27.6     10.1  15.700     1.1    999.9
    2002     252    27.3      9.8  22.567     1.0    999.9
    2002     253    27.0      9.5  21.833     1.0    999.9
    2002     254    26.7      9.3  18.133     0.9    999.9
    2002     255    26.6      9.1  21.033     0.9    999.9
    2002     256    26.3      8.8  20.567     0.8    999.9
    2002     257    26.1      8.6  19.033     0.8    999.9
    2002     258    25.8      8.3  14.967     0.8    999.9
    2002     259    25.6      8.1  18.700     0.8    999.9
    2002     260    25.4      7.9  13.333     0.8    999.9
    2002     261    25.2      7.6  17.900     0.8    999.9
    2002     262    24.9      7.4  12.133     0.8    999.9
    2002     263    24.7      7.1  15.300     0.8    999.9
    2002     264    24.3      6.9  18.600     0.8    999.9
    2002     265    24.0      6.6  13.700     0.8    999.9
    2002     266    23.8      6.3  13.800     0.8    999.9
    2002     267    23.5      6.1  12.767     0.9    999.9
    2002     268    23.2      5.8  19.933     0.9    999.9
    2002     269    22.8      5.5  18.533     0.9    999.9
    2002     270    22.7      5.3  14.900     0.8    999.9
    2002     271    22.6      5.1  14.967     0.9    999.9
    2002     272    22.5      4.9  15.333     0.8    999.9
    2002     273    22.3      4.7  18.200     0.8    999.9
    2002     274    22.1      4.4  17.367     0.8    999.9
    2002     275    21.9      4.2  18.233     0.8    999.9
    2002     276    21.6      4.0  15.133     0.8    999.9
    2002     277    21.3      3.7   9.867     0.8    999.9
    2002     278    21.1      3.6  10.633     0.7    999.9
    2002     279    20.9      3.3  13.000     0.7    999.9
    2002     280    20.7      3.2  10.700     0.7    999.9
    2002     281    20.6      3.0  16.000     0.7    999.9
    2002     282    20.4      2.8  16.700     0.8    999.9
    2002     283    20.2      2.6  16.867     0.8    999.9
    2002     284    19.9      2.4  15.933     0.8    999.9
    2002     285    19.7      2.2  14.567     0.8    999.9
    2002     286    19.5      2.0  12.167     0.7    999.9
    2002     287    19.3      1.8  14.667     0.7    999.9
    2002     288    19.1      1.6  13.467     0.7    999.9
    2002     289    18.8      1.3  11.733     0.7    999.9
    2002     290    18.4      1.1  14.767     0.7    999.9
    2002     291    18.1      0.9  13.767     0.7    999.9
    2002     292    17.7      0.7  15.200     0.7    999.9
    2002     293    17.4      0.4  13.033     0.7    999.9
    2002     294    17.1      0.2  13.933     0.7    999.9
    2002     295    16.8      0.1  10.167     0.7    999.9
    2002     296    16.6     -0.2  12.200     0.7    999.9
    2002     297    16.4     -0.3  13.300     0.7    999.9
    2002     298    16.2     -0.4  14.667     0.7    999.9
    2002     299    15.8     -0.7  14.267     0.7    999.9
    2002     300    15.4     -0.9  10.367     0.6    999.9
    2002     301    15.1     -1.2   8.800     0.6    999.9
    2002     302    14.7     -1.4   8.800     0.7    999.9
    2002     303    14.4     -1.6  10.967     0.7    999.9
    2002     304    14.1     -1.8   8.767     0.6    999.9
    2002     305    13.9     -2.1  10.667     0.6    999.9
    2002     306    13.6     -2.3  10.700     0.6    999.9
    2002     307    13.4     -2.4  10.200     0.6    999.9
    2002     308    13.2     -2.6  12.567     0.6    999.9
    2002     309    12.9     -2.8   9.633     0.6    999.9
    2002     310    12.6     -3.0  11.033     0.6    999.9
    2002     311    12.2     -3.2  11.267     0.6    999.9
    2002     312    11.9     -3.4  12.333     0.6    999.9
    2002     313    11.6     -3.6  11.567     0.6    999.9
    2002     314    11.3     -3.9   8.600     0.6    999.9
    2002     315    10.9     -4.2   7.533     0.6    999.9
    2002     316    10.6     -4.4  11.967     0.6    999.9
    2002     317    10.3     -4.6  11.767     0.6    999.9
    2002     318     9.9     -4.9  11.933     0.6    999.9
    2002     319     9.7     -5.1  10.333     0.6    999.9
    2002     320     9.4     -5.3  11.600     0.6    999.9
    2002     321     9.2     -5.5  11.233     0.6    999.9
    2002     322     9.1     -5.7   9.167     0.5    999.9
    2002     323     8.9     -5.8  11.267     0.5    999.9
    2002     324     8.8     -6.0   9.700     0.5    999.9
    2002     325     8.6     -6.2  10.600     0.5    999.9
    2002     326     8.3     -6.4   5.933     0.5    999.9
    2002     327     8.0     -6.6   7.900     0.5    999.9
    2002     328     7.8     -6.8  10.633     0.5    999.9
    2002     329     7.6     -6.9   7.033     0.5    999.9
    2002     330     7.4     -7.1   8.300     0.5    999.9
    2002     331     7.3     -7.2   7.533     0.4    999.9
    2002     332     7.2     -7.3   8.333     0.4    999.9
    2002     333     7.0     -7.5   7.333     0.4    999.9
    2002     334     6.8     -7.6   9.000     0.4    999.9
    2002     335     6.7     -7.8   8.833     0.4    999.9
    2002     336     6.4     -7.9   9.633     0.4    999.9
    2002     337     6.3     -8.1   5.600     0.4    999.9
    2002     338     6.1     -8.3   9.333     0.4    999.9
    2002     339     5.9     -8.4   7.300     0.4    999.9
    2002     340     5.7     -8.6   9.667     0.4    999.9
    2002     341     5.5     -8.8   7.167     0.3    999.9
    2002     342     5.3     -8.9   5.867     0.3    999.9
    2002     343     5.3     -9.0   9.500     0.3    999.9
    2002     344     5.0     -9.2   4.867     0.3    999.9
    2002     345     4.8     -9.3   9.100     0.4    999.9
    2002     346     4.7     -9.4   6.900     0.3    999.9
    2002     347     4.8     -9.4   6.867     0.3    999.9
    2002     348     4.7     -9.4   8.033     0.3    999.9
    2002     349     4.7     -9.6   6.467     0.3    999.9
    2002     350     4.6     -9.6   9.467     0.3    999.9
    2002     351     4.5     -9.7   7.200     0.3    999.9
    2002     352     4.4     -9.8   6.400     0.3    999.9
    2002     353     4.2    -10.0   7.633     0.3    999.9
    2002     354     4.1    -10.2   7.233     0.3    999.9
    2002     355     3.9    -10.3   7.800     0.3    999.9
    2002     356     3.8    -10.4   5.767     0.3    999.9
    2002     357     3.7    -10.5   9.367     0.3    999.9
    2002     358     3.6    -10.6   7.700     0.3    999.9
    2002     359     3.5    -10.8   4.867     0.3    999.9
    2002     360     3.3    -10.9   9.467     0.3    999.9
    2002     361     3.2    -11.0   9.033     0.3    999.9
    2002     362     3.1    -11.1   5.533     0.3    999.9
    2002     363     3.0    -11.2   9.000     0.3    999.9
    2002     364     2.9    -11.2   6.800     0.3    999.9
    2002     365     2.9    -11.3   9.033     0.3    999.9
    2003       1     2.9    -11.2   6.433     0.3    999.9
    2003       2     3.0    -11.2   9.100     0.3    999.9
    2003       3     3.0    -11.2   8.000     0.3    999.9
    2003       4     3.1    -11.1   8.100     0.3    999.9
    2003       5     3.2    -11.0   8.433     0.3    999.9
    2003       6     3.2    -10.9   8.067     0.4    999.9
    2003       7     3.3    -10.9   8.900     0.4    999.9
    2003       8     3.3    -10.8   8.600     0.4    999.9
    2003       9     3.4    -10.8   9.600     0.3    999.9
    2003      10     3.6    -10.7   7.467     0.3    999.9
    2003      11     3.6    -10.7   9.200     0.3    999.9
    2003      12     3.5    -10.8   9.367     0.3    999.9
    2003      13     3.5    -10.7   4.500     0.3    999.9
    2003      14     3.5    -10.7   8.567     0.3    999.9
    2003      15     3.5    -10.7   7.167     0.3    999.9
    2003      16     3.5    -10.7   6.733     0.3    999.9
    2003      17     3.6    -10.6   9.300     0.3    999.9
    2003      18     3.7    -10.5   6.867     0.3    999.9
    2003      19     3.7    -10.4   8.967     0.3    999.9
    2003      20     3.8    -10.4   7.833     0.3    999.9
    2003      21     3.8    -10.3   8.767     0.3    999.9
    2003      22     3.9    -10.3   9.533     0.3    999.9
    2003      23     3.9    -10.2   9.067     0.3    999.9
    2003      24     3.9    -10.2   9.533     0.3    999.9
    2003      25     4.1    -10.1   6.900     0.3    999.9
    2003      26     4.1    -10.1   9.633     0.3    999.9
    2003      27     4.2    -10.0   7.233     0.3    999.9
    2003      28     4.3     -9.9   8.633     0.3    999.9
    2003      29     4.3     -9.8   8.267     0.4    999.9
    2003      30     4.3     -9.8   7.533     0.4    999.9
    2003      31     4.4     -9.7  11.367     0.4    999.9
    2003      32     4.6     -9.6  10.333     0.4    999.9
    2003      33     4.6     -9.6  11.967     0.4    999.9
    2003      34     4.7     -9.5   9.633     0.3    999.9
    2003      35     4.8     -9.4  12.567     0.3    999.9
    2003      36     4.9     -9.2  11.267     0.3    999.9
    2003      37     5.2     -9.1  11.967     0.3    999.9
    2003      38     5.3     -8.9   8.333     0.3    999.9
    2003      39     5.4     -8.8   9.267     0.3    999.9
    2003      40     5.6     -8.7  12.233     0.3    999.9
    2003      41     5.8     -8.5  13.367     0.3    999.9
    2003      42     5.9     -8.3  10.967     0.3    999.9
    2003      43     6.2     -8.2  11.800     0.3    999.9
    2003      44     6.4     -8.1  13.367     0.3    999.9
    2003      45     6.6     -7.8  12.033     0.3    999.9
    2003      46     6.9     -7.7  11.367     0.3    999.9
    2003      47     7.0     -7.6   9.500     0.3    999.9
    2003      48     7.2     -7.4   8.267     0.3    999.9
    2003      49     7.4     -7.2  14.067     0.3    999.9
    2003      50     7.6     -7.1  12.633     0.3    999.9
    2003      51     7.7     -6.9  12.133     0.4    999.9
    2003      52     7.9     -6.8  12.667     0.4    999.9
    2003      53     8.2     -6.6  12.000     0.4    999.9
    2003      54     8.3     -6.4  11.833     0.5    999.9
    2003      55     8.5     -6.3  12.667     0.5    999.9
    2003      56     8.7     -6.1  15.400     0.5    999.9
    2003      57     8.9     -5.9  13.000     0.5    999.9
    2003      58     9.2     -5.7  17.233     0.5    999.9
    2003      59     9.3     -5.6  15.033     0.6    999.9
    2003      60     9.6     -5.4  13.867     0.6    999.9
    2003      61     9.7     -5.2  12.433     0.6    999.9
    2003      62     9.8     -5.1  17.133     0.6    999.9
    2003      63    10.0     -5.0  18.667     0.6    999.9
    2003      64    10.1     -4.9  14.967     0.7    999.9
    2003      65    10.1     -4.8  12.933     0.7    999.9
    2003      66    10.2     -4.8  10.167     0.7    999.9
    2003      67    10.3     -4.7  17.133     0.7    999.9
    2003      68    10.4     -4.6  14.100     0.7    999.9
    2003      69    10.6     -4.6  11.433     0.7    999.9
    2003      70    10.6     -4.5  13.900     0.7    999.9
    2003      71    10.8     -4.4  14.267     0.7    999.9
    2003      72    10.9     -4.3  19.400     0.7    999.9
    2003      73    11.1     -4.2  15.567     0.8    999.9
    2003      74    11.0     -4.1  12.667     0.8    999.9
    2003      75    11.1     -4.1  19.300     0.9    999.9
    2003      76    11.1     -4.0  15.733     0.9    999.9
    2003      77    11.2     -3.9  13.967     0.9    999.9
    2003      78    11.4     -3.8  18.467     0.9    999.9
    2003      79    11.5     -3.6  13.867     1.0    999.9
    2003      80    11.6     -3.5  13.600     0.9    999.9
    2003      81    11.7     -3.4  17.033     0.9    999.9
    2003      82    11.9     -3.2  16.333     0.9    999.9
    2003      83    12.1     -3.1  15.200     0.9    999.9
    2003      84    12.3     -3.0  15.300     0.9    999.9
    2003      85    12.3     -2.9  18.267     0.9    999.9
    2003      86    12.3     -2.8  18.267     0.9    999.9
    2003      87    12.4     -2.7  15.433     1.0    999.9
    2003      88    12.5     -2.6  15.967     0.9    999.9
    2003      89    12.6     -2.5  13.967     1.0    999.9
    2003      90    12.8     -2.4  19.600     1.0    999.9
    2003      91    12.9     -2.3  18.500     1.0    999.9
    2003      92    13.1     -2.2  12.233     1.0    999.9
    2003      93    13.3     -2.1  18.000     0.9    999.9
    2003      94    13.6     -1.9  15.200     1.0    999.9
    2003      95    13.8     -1.7  17.600     1.0    999.9
    2003      96    13.9     -1.6  18.667     1.0    999.9
    2003      97    14.1     -1.4  21.267     1.0    999.9
    2003      98    14.3     -1.2  19.700     1.1    999.9
    2003      99    14.5     -1.0  21.967     1.1    999.9
    2003     100    14.7     -0.8  15.933     1.1    999.9
    2003     101    14.8     -0.7  18.300     1.2    999.9
    2003     102    15.0     -0.6  23.733     1.2    999.9
    2003     103    15.3     -0.3  20.500     1.2    999.9
    2003     104    15.5     -0.2  14.400     1.2    999.9
    2003     105    15.7      0.1  15.200     1.1    999.9
    2003     106    15.9      0.2  17.100     1.2    999.9
    2003     107    16.1      0.3  25.400     1.3    999.9
    2003     108    16.2      0.6  23.500     1.3    999.9
    2003     109    16.4      0.7  19.133     1.3    999.9
    2003     110    16.7      0.9  19.733     1.4    999.9
    2003     111    16.9      1.1  21.933     1.4    999.9
    2003     112    17.0      1.3   9.433     1.5    999.9
    2003     113    17.2      1.5  16.500     1.6    999.9
    2003     114    17.4      1.7  15.400     1.6    999.9
    2003     115    17.6      1.9  23.033     1.7    999.9
    2003     116    17.8      2.1  23.200     1.7    999.9
    2003     117    18.1      2.3  25.200     1.7    999.9
    2003     118    18.3      2.4  21.867     1.7    999.9
    2003     119    18.4      2.7  17.367     1.8    999.9
    2003     120    18.6      2.8  12.967     1.9    999.9
    2003     121    18.8      3.1  17.033     1.9    999.9
    2003     122    19.1      3.2  16.633     1.9    999.9
    2003     123    19.2      3.4  17.167     2.0    999.9
    2003     124    19.2      3.6  16.967     2.1    999.9
    2003     125    19.5      3.8  18.667     2.0    999.9
    2003     126    19.7      4.1  25.200     2.1    999.9
    2003     127    19.9      4.2  25.333     2.1    999.9
    2003     128    20.1      4.4  21.500     2.1    999.9
    2003     129    20.1      4.6  25.467     2.2    999.9
    2003     130    20.3      4.7  20.900     2.1    999.9
    2003     131    20.4      4.9  22.767     2.1    999.9
    2003     132    20.6      5.1  26.800     2.2    999.9
    2003     133    20.7      5.3  27.000     2.3    999.9
    2003     134    20.9      5.5  23.567     2.3    999.9
    2003     135    21.1      5.7  25.267     2.4    999.9
    2003     136    21.3      5.9  17.433     2.4    999.9
    2003     137    21.4      6.1  17.300     2.4    999.9
    2003     138    21.6      6.2  24.967     2.5    999.9
    2003     139    21.8      6.4  19.900     2.4    999.9
    2003     140    21.9      6.6  21.500     2.5    999.9
    2003     141    22.1      6.7  26.667     2.6    999.9
    2003     142    22.2      6.9  25.800     2.5    999.9
    2003     143    22.4      7.1  29.000     2.5    999.9
    2003     144    22.6      7.3  23.233     2.5    999.9
    2003     145    22.8      7.4  21.733     2.5    999.9
    2003     146    23.0      7.7  21.400     2.6    999.9
    2003     147    23.2      7.8  22.833     2.7    999.9
    2003     148    23.4      8.1  24.900     2.6    999.9
    2003     149    23.6      8.2  23.433     2.5    999.9
    2003     150    23.8      8.4  22.933     2.5    999.9
    2003     151    23.9      8.5  17.900     2.5    999.9
    2003     152    24.1      8.7  29.233     2.4    999.9
    2003     153    24.3      8.8  27.833     2.4    999.9
    2003     154    24.4      8.9  21.067     2.4    999.9
    2003     155    24.5      9.0  21.833     2.4    999.9
    2003     156    24.7      9.2  26.967     2.4    999.9
    2003     157    24.9      9.3  28.133     2.4    999.9
    2003     158    25.2      9.4  25.767     2.4    999.9
    2003     159    25.4      9.6  30.500     2.4    999.9
    2003     160    25.7      9.8  26.767     2.3    999.9
    2003     161    26.0     10.0  24.867     2.3    999.9
    2003     162    26.3     10.2  23.367     2.2    999.9
    2003     163    26.6     10.3  24.033     2.2    999.9
    2003     164    26.8     10.4  22.200     2.2    999.9
    2003     165    27.1     10.7  26.400     2.1    999.9
    2003     166    27.4     10.8  23.233     2.0    999.9
    2003     167    27.7     11.0  23.267     1.9    999.9
    2003     168    27.9     11.2  24.700     1.9    999.9
    2003     169    28.2     11.3  29.933     1.8    999.9
    2003     170    28.5     11.5  25.800     1.7    999.9
    2003     171    28.8     11.6  24.500     1.7    999.9
    2003     172    29.0     11.8  29.233     1.7    999.9
    2003     173    29.2     11.9  25.267     1.7    999.9
    2003     174    29.4     12.1  26.767     1.6    999.9
    2003     175    29.7     12.3  28.200     1.5    999.9
    2003     176    29.9     12.4  26.000     1.5    999.9
    2003     177    30.1     12.6  25.100     1.5    999.9
    2003     178    30.3     12.7  17.767     1.5    999.9
    2003     179    30.4     12.8  28.600     1.6    999.9
    2003     180    30.6     12.9  25.167     1.6    999.9
    2003     181    30.8     13.1  26.100     1.6    999.9
    2003     182    30.9     13.2  27.800     1.6    999.9
    2003     183    31.1     13.3  25.200     1.6    999.9
    2003     184    31.3     13.4  24.167     1.7    999.9
    2003     185    31.4     13.6  27.467     1.8    999.9
    2003     186    31.6     13.7  26.333     1.9    999.9
    2003     187    31.6     13.8  26.367     1.9    999.9
    2003     188    31.6     13.8  29.267     2.0    999.9
    2003     189    31.7     13.9  27.233     2.1    999.9
    2003     190    31.7     13.9  26.833     2.2    999.9
    2003     191    31.7     13.9  23.900     2.2    999.9
    2003     192    31.7     14.0  26.533     2.2    999.9
    2003     193    31.7     14.1  23.633     2.2    999.9
    2003     194    31.7     14.1  26.967     2.3    999.9
    2003     195    31.7     14.2  23.633     2.2    999.9
    2003     196    31.7     14.2  21.767     2.2    999.9
    2003     197    31.8     14.3  16.833     2.3    999.9
    2003     198    31.7     14.3  17.067     2.4    999.9
    2003     199    31.6     14.3  24.033     2.4    999.9
    2003     200    31.6     14.3  23.400     2.4    999.9
    2003     201    31.5     14.3  23.767     2.3    999.9
    2003     202    31.4     14.3  23.500     2.4    999.9
    2003     203    31.3     14.2  26.300     2.5    999.9
    2003     204    31.1     14.2  22.200     2.5    999.9
    2003     205    31.1     14.2  24.200     2.6    999.9
    2003     206    31.1     14.1  26.467     2.6    999.9
    2003     207    31.0     14.1  18.267     2.5    999.9
    2003     208    30.9     14.1  25.033     2.5    999.9
    2003     209    30.9     14.1  26.033     2.5    999.9
    2003     210    30.8     14.0  25.300     2.5    999.9
    2003     211    30.8     14.0  25.533     2.6    999.9
    2003     212    30.7     13.9  23.667     2.6    999.9
    2003     213    30.6     13.9  16.967     2.6    999.9
    2003     214    30.6     13.9  19.833     2.4    999.9
    2003     215    30.6     13.8  23.600     2.4    999.9
    2003     216    30.5     13.8  19.500     2.4    999.9
    2003     217    30.6     13.8  15.267     2.2    999.9
    2003     218    30.6     13.8  22.200     2.1    999.9
    2003     219    30.6     13.8  25.900     2.0    999.9
    2003     220    30.7     13.8  25.800     2.0    999.9
    2003     221    30.7     13.7  23.067     2.0    999.9
    2003     222    30.6     13.7  21.167     2.0    999.9
    2003     223    30.6     13.6  25.433     2.0    999.9
    2003     224    30.6     13.6  19.533     2.0    999.9
    2003     225    30.6     13.6  22.200     2.0    999.9
    2003     226    30.5     13.4  23.333     1.9    999.9
    2003     227    30.5     13.3  21.300     1.9    999.9
    2003     228    30.6     13.3  17.100     1.9    999.9
    2003     229    30.6     13.2  20.200     1.8    999.9
    2003     230    30.5     13.1  23.433     1.9    999.9
    2003     231    30.4     13.1  22.767     1.8    999.9
    2003     232    30.4     13.1  19.500     1.7    999.9
    2003     233    30.5     13.0  17.667     1.6    999.9
    2003     234    30.4     12.9  22.033     1.5    999.9
    2003     235    30.4     12.8  20.433     1.5    999.9
    2003     236    30.3     12.7  23.633     1.5    999.9
    2003     237    30.2     12.6  18.833     1.4    999.9
    2003     238    30.1     12.5  23.133     1.3    999.9
    2003     239    30.1     12.4  22.900     1.3    999.9
    2003     240    30.0     12.3  19.800     1.2    999.9
    2003     241    29.8     12.2  21.867     1.2    999.9
    2003     242    29.7     11.9  21.933     1.1    999.9
    2003     243    29.4     11.8  13.300     1.1    999.9
    2003     244    29.2     11.6  20.467     1.2    999.9
    2003     245    28.9     11.4  20.767     1.1    999.9
    2003     246    28.8     11.2  21.400     1.1    999.9
    2003     247    28.6     11.1  22.267     1.1    999.9
    2003     248    28.4     10.8  19.067     1.2    999.9
    2003     249    28.2     10.6  21.233     1.1    999.9
    2003     250    27.9     10.3  21.000     1.1    999.9
    2003     251    27.6     10.1  15.700     1.1    999.9
    2003     252    27.3      9.8  22.567     1.0    999.9
    2003     253    27.0      9.5  21.833     1.0    999.9
    2003     254    26.7      9.3  18.133     0.9    999.9
    2003     255    26.6      9.1  21.033     0.9    999.9
    2003     256    26.3      8.8  20.567     0.8    999.9
    2003     257    26.1      8.6  19.033     0.8    999.9
    2003     258    25.8      8.3  14.967     0.8    999.9
    2003     259    25.6      8.1  18.700     0.8    999.9
    2003     260    25.4      7.9  13.333     0.8    999.9
    2003     261    25.2      7.6  17.900     0.8    999.9
    2003     262    24.9      7.4  12.133     0.8    999.9
    2003     263    24.7      7.1  15.300     0.8    999.9
    2003     264    24.3      6.9  18.600     0.8    999.9
    2003     265    24.0      6.6  13.700     0.8    999.9
    2003     266    23.8      6.3  13.800     0.8    999.9
    2003     267    23.5      6.1  12.767     0.9    999.9
    2003     268    23.2      5.8  19.933     0.9    999.9
    2003     269    22.8      5.5  18.533     0.9    999.9
    2003     270    22.7      5.3  14.900     0.8    999.9
    2003     271    22.6      5.1  14.967     0.9    999.9
    2003     272    22.5      4.9  15.333     0.8    999.9
    2003     273    22.3      4.7  18.200     0.8    999.9
    2003     274    22.1      4.4  17.367     0.8    999.9
    2003     275    21.9      4.2  18.233     0.8    999.9
    2003     276    21.6      4.0  15.133     0.8    999.9
    2003     277    21.3      3.7   9.867     0.8    999.9
    2003     278    21.1      3.6  10.633     0.7    999.9
    2003     279    20.9      3.3  13.000     0.7    999.9
    2003     280    20.7      3.2  10.700     0.7    999.9
    2003     281    20.6      3.0  16.000     0.7    999.9
    2003     282    20.4      2.8  16.700     0.8    999.9
    2003     283    20.2      2.6  16.867     0.8    999.9
    2003     284    19.9      2.4  15.933     0.8    999.9
    2003     285    19.7      2.2  14.567     0.8    999.9
    2003     286    19.5      2.0  12.167     0.7    999.9
    2003     287    19.3      1.8  14.667     0.7    999.9
    2003     288    19.1      1.6  13.467     0.7    999.9
    2003     289    18.8      1.3  11.733     0.7    999.9
    2003     290    18.4      1.1  14.767     0.7    999.9
    2003     291    18.1      0.9  13.767     0.7    999.9
    2003     292    17.7      0.7  15.200     0.7    999.9
    2003     293    17.4      0.4  13.033     0.7    999.9
    2003     294    17.1      0.2  13.933     0.7    999.9
    2003     295    16.8      0.1  10.167     0.7    999.9
    2003     296    16.6     -0.2  12.200     0.7    999.9
    2003     297    16.4     -0.3  13.300     0.7    999.9
    2003     298    16.2     -0.4  14.667     0.7    999.9
    2003     299    15.8     -0.7  14.267     0.7    999.9
    2003     300    15.4     -0.9  10.367     0.6    999.9
    2003     301    15.1     -1.2   8.800     0.6    999.9
    2003     302    14.7     -1.4   8.800     0.7    999.9
    2003     303    14.4     -1.6  10.967     0.7    999.9
    2003     304    14.1     -1.8   8.767     0.6    999.9
    2003     305    13.9     -2.1  10.667     0.6    999.9
    2003     306    13.6     -2.3  10.700     0.6    999.9
    2003     307    13.4     -2.4  10.200     0.6    999.9
    2003     308    13.2     -2.6  12.567     0.6    999.9
    2003     309    12.9     -2.8   9.633     0.6    999.9
    2003     310    12.6     -3.0  11.033     0.6    999.9
    2003     311    12.2     -3.2  11.267     0.6    999.9
    2003     312    11.9     -3.4  12.333     0.6    999.9
    2003     313    11.6     -3.6  11.567     0.6    999.9
    2003     314    11.3     -3.9   8.600     0.6    999.9
    2003     315    10.9     -4.2   7.533     0.6    999.9
    2003     316    10.6     -4.4  11.967     0.6    999.9
    2003     317    10.3     -4.6  11.767     0.6    999.9
    2003     318     9.9     -4.9  11.933     0.6    999.9
    2003     319     9.7     -5.1  10.333     0.6    999.9
    2003     320     9.4     -5.3  11.600     0.6    999.9
    2003     321     9.2     -5.5  11.233     0.6    999.9
    2003     322     9.1     -5.7   9.167     0.5    999.9
    2003     323     8.9     -5.8  11.267     0.5    999.9
    2003     324     8.8     -6.0   9.700     0.5    999.9
    2003     325     8.6     -6.2  10.600     0.5    999.9
    2003     326     8.3     -6.4   5.933     0.5    999.9
    2003     327     8.0     -6.6   7.900     0.5    999.9
    2003     328     7.8     -6.8  10.633     0.5    999.9
    2003     329     7.6     -6.9   7.033     0.5    999.9
    2003     330     7.4     -7.1   8.300     0.5    999.9
    2003     331     7.3     -7.2   7.533     0.4    999.9
    2003     332     7.2     -7.3   8.333     0.4    999.9
    2003     333     7.0     -7.5   7.333     0.4    999.9
    2003     334     6.8     -7.6   9.000     0.4    999.9
    2003     335     6.7     -7.8   8.833     0.4    999.9
    2003     336     6.4     -7.9   9.633     0.4    999.9
    2003     337     6.3     -8.1   5.600     0.4    999.9
    2003     338     6.1     -8.3   9.333     0.4    999.9
    2003     339     5.9     -8.4   7.300     0.4    999.9
    2003     340     5.7     -8.6   9.667     0.4    999.9
    2003     341     5.5     -8.8   7.167     0.3    999.9
    2003     342     5.3     -8.9   5.867     0.3    999.9
    2003     343     5.3     -9.0   9.500     0.3    999.9
    2003     344     5.0     -9.2   4.867     0.3    999.9
    2003     345     4.8     -9.3   9.100     0.4    999.9
    2003     346     4.7     -9.4   6.900     0.3    999.9
    2003     347     4.8     -9.4   6.867     0.3    999.9
    2003     348     4.7     -9.4   8.033     0.3    999.9
    2003     349     4.7     -9.6   6.467     0.3    999.9
    2003     350     4.6     -9.6   9.467     0.3    999.9
    2003     351     4.5     -9.7   7.200     0.3    999.9
    2003     352     4.4     -9.8   6.400     0.3    999.9
    2003     353     4.2    -10.0   7.633     0.3    999.9
    2003     354     4.1    -10.2   7.233     0.3    999.9
    2003     355     3.9    -10.3   7.800     0.3    999.9
    2003     356     3.8    -10.4   5.767     0.3    999.9
    2003     357     3.7    -10.5   9.367     0.3    999.9
    2003     358     3.6    -10.6   7.700     0.3    999.9
    2003     359     3.5    -10.8   4.867     0.3    999.9
    2003     360     3.3    -10.9   9.467     0.3    999.9
    2003     361     3.2    -11.0   9.033     0.3    999.9
    2003     362     3.1    -11.1   5.533     0.3    999.9
    2003     363     3.0    -11.2   9.000     0.3    999.9
    2003     364     2.9    -11.2   6.800     0.3    999.9
    2003     365     2.9    -11.3   9.033     0.3    999.9
