1979    268         27.1          8.7         15.7        .0            999.9   16.7
1979    269         28.0          8.3         14.5        .0            17.6
1979    270         27.7          6.0         18.3        .0            17.8
1979    271         30.5          2.5         18.7        .0            16.7
1979    272         30.1          7.0         18.3        .0            17.5
1979    273         33.2          6.7         17.8        .0            17.9
1979    274         27.7          3.8         18.5        .0            17.2
1979    275         29.9          6.8         16.0        .0            17.1
1979    276         19.1          -.5         18.2        .0            12.0
1979    277         26.7         -2.3         17.8        .0            12.3
1979    278         26.2          3.0         17.2        .0            14.7
1979    279         28.7          2.1         17.2        .0            15.0
1979    280         31.7          1.4         17.1        .0            15.4
1979    281         25.9          2.0         16.3        .0            13.5
1979    282         13.5          -.8         13.7        .0             8.2
1979    283         25.0          -.4         14.6        .0            11.5
1979    284         27.8          6.2         15.0        .0            14.3
1979    285         23.5          1.5         15.6        .0            12.8
1979    286         23.7           .6         15.2        .0            12.2
1979    287         28.1          6.0         13.4        .0            14.5
1979    288         27.6          7.8         14.7        .0            16.2
1979    289         13.6          5.0          1.9       2.5            10.4
1979    290         17.8          2.9         11.2        .0            10.5
1979    291         18.5          2.9         12.6        .0            10.6
1979    292         22.2          2.5          9.3        .0            11.9
1979    293         13.3          3.3          3.1       7.6             9.1
1979    294          5.4          -.9          2.2       2.5             4.1
1979    295         12.0         -2.1         14.1        .0             3.8
1979    296         17.7          -.5         12.6        .0             6.5
1979    297         18.2         -1.6         13.6        .0             7.3
1979    298         21.4         -1.0         13.7        .0             8.4
1979    299         23.3           .6         12.2        .0            10.0
1979    300         17.1         -1.3         12.9        .0             7.6
1979    301         19.8         -1.5         12.1        .0             7.3
1979    302          3.1         -1.2          1.2       5.1             2.9
1979    303           .4          -.4          8.3        .0             2.2
1979    304           .9         -2.5         10.6        .0             1.8
1979    305           .8         -4.0         11.4        .0             1.1
1979    306          2.1         -5.5         12.3        .0              .7
1979    307          5.1         -4.2         11.9        .0              .6
1979    308          3.6         -2.2          6.4        .0             1.0
1979    309          1.2         -1.5          5.8        .0             1.3
1979    310          7.8         -1.6         11.1        .0             2.1
1979    311          7.4         -1.7          6.5        .0             2.1
1979    312          9.4         -2.2          9.9        .0             2.2
1979    313          1.2         -1.8          5.4        .0             1.3
1979    314          2.8         -4.1         10.4        .0             1.4
1979    315          1.4         -4.1          3.9        .0             1.1
1979    316          1.8         -4.3         10.6        .0             1.0
1979    317          4.3         -3.4         10.6        .0              .6
1979    318          7.0         -2.9         10.6        .0              .5
1979    319          9.7         -1.6         10.9        .0             1.3
1979    320         12.8         -2.1         10.7        .0             1.5
1979    321         14.5         -2.1         10.5        .0             1.9
1979    322          9.3         -1.6          5.4        .0             2.1
1979    323          7.4         -1.7          8.5        .0             2.6
1979    324           .8         -2.5          3.1       5.1             1.9
1979    325           .1         -4.4          6.6        .0             1.6
1979    326          1.3         -6.8          9.6        .0             1.6
1979    327          1.4         -3.3          6.6        .0             1.6
1979    328          1.3         -2.1          9.0      12.7             1.6
1979    329          1.2         -3.0          8.2        .0             1.6
1979    330          1.7         -5.9          6.8        .0             1.6
1979    331          1.2         -7.1          7.9        .0             1.6
1979    332           .2         -6.4          8.1        .0             1.6
1979    333          1.9         -6.5          8.5        .0             1.6
1979    334          1.8         -4.2          8.8        .0             1.5
1979    335          1.7         -3.2          8.5        .0             1.5
1979    336          6.0        -10.6          5.9        .0              .1
1979    337          7.6         -5.6          5.1        .0             1.2
1979    338         10.2          -.8          6.7        .0             4.0
1979    339          6.0         -1.7          6.0        .0             1.4
1979    340          3.6         -2.5          7.7        .0             1.5
1979    341          2.2         -1.6          2.3        .0             1.6
1979    342          4.2         -1.8          7.7        .0             1.6
1979    343          4.7         -2.1          8.3        .0             1.6
1979    344          5.8         -2.3          6.8        .0             1.7
1979    345          1.2         -6.5          7.5        .0             1.0
1979    346          1.6         -6.6          8.0        .0              .1
1979    347          1.5         -5.9          7.8        .0             -.2
1979    348          4.2         -3.8          7.8        .0              .0
1979    349          4.2         -7.4          7.0        .0              .6
1979    350          1.8        -10.9          7.8        .0            -1.6
1979    351          5.2         -3.2          6.0        .0             -.3
1979    352          6.0         -1.8          7.7        .0              .8
1979    353          6.0         -2.1          8.0        .0              .7
1979    354          4.9         -2.1          6.5        .0              .5
1979    355          5.1         -2.0          7.8        .0              .7
1979    356          2.1         -1.9          4.9        .0              .6
1979    357          1.3         -2.4          5.5        .0              .4
1979    358          3.2         -5.4          6.4        .0             -.4
1979    359          5.7         -2.4          7.2        .0              .5
1979    360          2.4         -2.3          6.7        .0              .6
1979    361           .1         -1.0          4.7       2.5              .7
1979    362          1.3         -6.7          4.6        .0              .6
1979    363          1.4         -7.0          7.7        .0              .2
1979    364          3.1         -4.8          8.0        .0              .1
1979    365          2.2         -4.9          7.9        .0              .2
1980      1          1.8         -2.2          6.5        .0              .3
1980      2          1.7         -4.0          6.9        .0              .4
1980      3          1.5         -6.1          4.3       2.5              .1
1980      4          1.6         -4.9          6.5        .0              .0
1980      5          4.0         -4.5          5.3        .0              .2
1980      6          3.9        -12.1          8.0      12.7            -1.3
1980      7           .4        -11.6          4.1       5.1            -2.9
1980      8           .7        -13.8          4.1        .0            -3.4
1980      9          2.5        -11.0          8.1        .0            -3.0
1980     10          3.2         -5.8          7.2        .0            -1.2
1980     11          2.2         -8.4          7.9        .0            -3.7
1980     12          4.9         -6.4          3.9        .0            -1.3
1980     13          5.4         -2.6          6.0        .0              .8
1980     14          5.3         -2.7          1.6        .0              .9
1980     15          5.9         -1.6          6.9        .0             1.0
1980     16          5.8         -1.9          7.6        .0             1.2
1980     17          5.3         -2.4         10.2        .0              .8
1980     18           .4         -3.8          3.4        .0              .6
1980     19         -3.7         -5.8          7.5        .0              .7
1980     20         -1.4         -7.3         11.0        .0              .5
1980     21           .5         -5.7          6.2        .0              .3
1980     22          -.4         -6.0         11.3        .0             -.5
1980     23          1.8         -4.0         11.4        .0             -.5
1980     24          4.6          -.6          9.1        .0              .5
1980     25           .0         -9.0          5.9       2.5              .2
1980     26         -5.5        -14.0          8.6        .0              .0
1980     27         -9.0        -10.4          7.6       2.5             -.1
1980     28         -4.4        -11.3         10.8       2.5             -.2
1980     29         -7.8        -11.3          8.6        .0             -.8
1980     30         -6.8        -12.9         12.5        .0            -2.7
1980     31         -2.8        -11.2         12.7        .0            -3.3
1980     32           .1         -7.4         12.0        .0            -2.0
1980     33          1.6         -1.3         12.0        .0             -.4
1980     34          3.8         -3.0          9.6        .0             -.2
1980     35          3.1         -1.2          8.3        .0              .9
1980     36          1.2         -2.9         12.9        .0              .8
1980     37           .9         -3.8          6.6        .0             -.1
1980     38         -3.2         -6.1          8.2       5.1            -1.3
1980     39         -7.9        -20.3         12.6        .0            -7.2
1980     40           .4        -19.7         12.4        .0            -8.4
1980     41          1.5        -12.2         12.2        .0            -5.5
1980     42         -1.8        -11.8         12.2        .0            -4.4
1980     43          4.7        -15.1         13.8        .0            -3.8
1980     44           .8         -7.3         13.6        .0            -1.9
1980     45         -4.0         -6.8          5.1        .0            -1.9
1980     46         -6.1         -8.8         11.1        .0            -2.3
1980     47         -4.7        -11.6         15.3        .0            -1.8
1980     48          1.5         -7.6         13.0        .0            -1.4
1980     49          3.5         -2.7          9.6        .0             -.2
1980     50          4.3           .0         13.6        .0              .7
1980     51          3.7         -2.0          8.3       2.5              .5
1980     52          5.2           .1         15.1       2.5             1.1
1980     53          6.5         -1.2          9.5        .0             1.5
1980     54          5.4         -2.0         11.3        .0             1.5
1980     55          3.7         -2.8         15.5        .0             1.1
1980     56          8.1         -4.0         15.8        .0             1.3
1980     57         10.3           .3         15.4        .0             2.2
1980     58         14.1          1.2         15.0        .0             3.3
1980     59         16.0         -2.1         16.6        .0             4.7
1980     60         -1.1         -8.1          6.6        .0              .8
1980     61         -1.8        -11.8         17.8        .0              .7
1980     62          7.9         -6.2         13.9        .0             1.4
1980     63          5.6         -1.0          6.9       2.5             2.0
1980     64          -.5         -6.2         15.5       2.5             1.3
1980     65         -1.5         -6.1         14.7        .0              .9
1980     66          2.2         -3.9         14.7        .0              .9
1980     67          2.8         -2.6         11.4        .0              .8
1980     68          3.2         -3.9         17.0        .0              .7
1980     69          5.6         -1.2         18.0        .0              .8
1980     70          9.3           .5         18.8        .0             2.3
1980     71         14.8         -1.3         18.9        .0             4.3
1980     72          5.3         -3.2         11.9        .0              .9
1980     73          7.2         -4.5         17.4        .0             1.7
1980     74         13.2          -.2         16.7        .0             3.8
1980     75         17.1           .4         13.9        .0             4.9
1980     76           .1         -4.1         13.5        .0              .9
1980     77          4.1         -5.6         20.9        .0              .8
1980     78         11.5         -4.7         18.1        .0             1.8
1980     79         10.8         -1.6         18.1        .0             3.1
1980     80         10.5         -4.1         19.7        .0             3.0
1980     81         14.7         -4.0         19.2        .0             4.2
1980     82         11.1         -3.8         18.7        .0             4.1
1980     83         15.5         -6.1         19.0        .0             4.7
1980     84         18.1         -5.6         15.5        .0             4.8
1980     85         12.0         -4.1         12.4       2.5             3.4
1980     86          2.4         -3.8         21.6       2.5             1.2
1980     87           .7         -5.0         12.4       2.5              .9
1980     88           .0         -3.4         15.7       2.5             1.0
1980     89           .1         -3.3         20.2        .0             1.0
1980     90          1.2         -4.2         23.5        .0             1.0
1980     91           .1         -2.7         13.7       2.5             1.0
1980     92           .1         -2.3         19.5       2.5             1.0
1980     93           .1         -2.7         20.1       2.5             1.0
1980     94           .2         -4.8         24.7        .0             1.0
1980     95          4.5         -5.2         24.8        .0             1.0
1980     96          5.4         -2.9         20.5        .0             1.0
1980     97          4.0          -.3         24.1        .0              .9
1980     98          6.6         -3.8         20.2        .0             3.0
1980     99         12.6         -4.3         25.6        .0             4.2
1980    100          6.3         -3.4         23.2        .0             1.0
1980    101         11.4          -.8         17.8        .0             3.9
1980    102          5.3         -1.6         13.1        .0             2.3
1980    103          6.2         -4.7         18.4        .0             2.3
1980    104         11.7         -3.5         21.7        .0             3.7
1980    105         19.4         -5.1         26.0        .0             7.1
1980    106         24.5          1.8         21.2        .0            10.6
1980    107         16.8           .6         18.1        .0             7.3
1980    108         26.7         -2.9         25.6        .0            11.5
1980    109         29.6          -.4         26.3        .0            12.7
1980    110         33.6          3.8         24.8        .0            15.1
1980    111         26.6          3.0         25.1        .0            10.1
1980    112         23.5          3.5         23.0       2.5             9.0
1980    113         11.4          2.7         22.2        .0             6.5
1980    114         13.5          2.4         13.0        .0             5.3
1980    115         10.7         -3.1         20.3        .0             3.9
1980    116         11.6          -.7         22.6        .0             3.6
1980    117         14.2          1.9         19.7        .0             4.5
1980    118         20.4          -.8         23.2        .0             5.7
1980    119         22.5          1.6         22.5        .0             7.0
1980    120         13.9          4.6         23.2       5.1             6.6
1980    121         11.6          4.0          5.2       5.1            10.1
1980    122         17.4          5.4          5.9       2.5            11.1
1980    123         20.8          1.1         13.1        .0            11.3
1980    124         25.0          3.3          8.4        .0            12.1
1980    125         26.0          6.1         13.2        .0            14.1
1980    126         28.3          4.8         19.1        .0            14.9
1980    127         22.2          3.0         11.0        .0            11.5
1980    128         24.0          1.9         24.7        .0            13.1
1980    129         17.0          4.2         13.0        .0            11.2
1980    130         29.1          3.4         14.8        .0            14.4
1980    131         31.0          4.4         13.9       2.5            13.9
1980    132          5.6          1.7          3.7       7.6             5.9
1980    133          8.3           .2         11.4      10.2             5.0
1980    134         18.7           .1          7.2        .0             9.5
1980    135         22.2          1.7         20.4        .0            11.9
1980    136          9.7          6.4          5.4       7.6             9.3
1980    137         12.3          4.7          5.7        .0             9.7
1980    138         10.1          3.8          4.3        .0             8.4
1980    139         17.7          2.5         11.3        .0            10.7
1980    140         22.6          3.2         11.7        .0            12.6
1980    141         28.9          4.6         18.0        .0            15.6
1980    142         35.1          7.0         19.1        .0            18.1
1980    143         23.5          5.5         24.5        .0            18.6
1980    144         21.9          9.7         22.2        .0            19.0
1980    145         20.3           .8         22.8        .0            19.9
1980    146         19.8           .8         28.4        .0            17.2
1980    147         23.5          4.0         21.7        .0            16.0
1980    148         24.0          6.1         28.3        .0            18.7
1980    149         18.2          5.5         27.6        .0            20.4
1980    150         18.2          3.4         12.2        .0            14.7
1980    151         20.8          1.9         18.9        .0            14.7
1980    152         20.3          1.9         16.3        .0            16.1
1980    153         21.9          3.4         15.4        .0            15.4
1980    154         25.6          4.0         25.3        .0            18.0
1980    155         27.2          9.7         26.7        .0            20.3
1980    156         26.1          9.7         27.8        .0            22.3
1980    157         25.6          7.6         24.3        .0            22.6
1980    158         21.4          6.1         23.1        .0            22.2
1980    159         19.2          7.6         25.8        .0            20.0
1980    160         22.4          4.0         18.9        .0            19.0
1980    161         23.5          7.6         28.0        .0            21.0
1980    162         30.4         10.3         26.4        .0            23.3
1980    163         29.3         10.8         27.8        .0            25.8
1980    164         27.7          9.7         24.8        .0            25.9
1980    165         28.8         11.8         26.7        .0            26.0
1980    166         24.0          7.1         22.6        .0            27.2
1980    167         21.9          8.7         22.2        .0            24.2
1980    168         26.7          8.7         20.8       2.5            21.2
1980    169         27.2          8.7         24.6        .0            23.0
1980    170         20.3          9.2         20.0        .0            21.2
1980    171         26.1          7.6         12.6       2.5            16.5
1980    172         27.2          9.7         27.5        .0            22.0
1980    173         27.2          8.7         22.5        .0            22.6
1980    174         30.9          8.7         25.9      12.7            22.4
1980    175         39.0          9.6         28.5        .0            22.2
1980    176         33.6         13.9         30.5        .0            24.4
1980    177         33.6         13.4         29.3        .0            26.8
1980    178         31.4         13.9         23.7        .0            24.6
1980    179         27.2          8.7         31.1        .0            24.4
1980    180         30.4          8.7         31.8        .0            24.3
1980    181         32.5         13.4         28.8        .0            25.4
1980    182         27.7         13.4         22.9        .0            25.6
1980    183         25.1         13.4         26.7        .0            23.2
1980    184         29.3         11.3         15.5       2.5            21.6
1980    185         25.6          9.7         25.1        .0            22.9
1980    186         30.9         11.8         22.0        .0            21.7
1980    187         33.6         13.4         30.0        .0            24.9
1980    188         27.7         16.0         30.3        .0            27.5
1980    189         27.7         12.4         22.3       7.6            26.3
1980    190         30.4         13.9         24.6        .0            24.3
1980    191         30.4         16.6         29.2        .0            25.1
1980    192         32.8         18.3        999.9        .0           999.9
1980    193         32.2         18.3        999.9        .0           999.9
1980    194         33.3         15.0        999.9        .0           999.9
1980    195         32.2         14.4        999.9        .0           999.9
1980    196         30.0         14.4        999.9       5.1           999.9
1980    197         31.1         12.8        999.9        .0           999.9
1980    198         33.9         12.2        999.9        .0           999.9
1980    199         35.0         15.6        999.9        .0           999.9
1980    200         28.9         12.2        999.9        .0           999.9
1980    201         31.1         15.6        999.9        .0           999.9
1980    202         26.7         11.1        999.9        .0           999.9
1980    203         26.7         12.8        999.9        .0           999.9
1980    204         33.3         13.9        999.9        .0           999.9
1980    205         32.2         13.9        999.9       2.5           999.9
1980    206         32.2         12.2        999.9        .0           999.9
1980    207         25.6         11.7        999.9      10.2           999.9
1980    208         26.7         10.0        999.9       2.5           999.9
1980    209         31.1         11.7        999.9        .0           999.9
1980    210         33.9         14.4        999.9        .0           999.9
1980    211         37.8         12.8        999.9        .0           999.9
1980    212         32.2         16.7        999.9        .0           999.9
1980    213         31.1         11.7        999.9       2.5           999.9
1980    214         33.9         14.4        999.9       2.5           999.9
1980    215         31.1         11.7        999.9        .0           999.9
1980    216         34.4         12.2        999.9        .0           999.9
1980    217         26.7          4.4        999.9        .0           999.9
1980    218         31.1          8.3        999.9        .0           999.9
1980    219         37.8         14.4        999.9        .0           999.9
1980    220         33.9         17.2        999.9        .0           999.9
1980    221         22.8         15.0        999.9       2.5           999.9
1980    222         31.1         15.6        999.9       2.5           999.9
1980    223         25.0         12.8        999.9        .0           999.9
1980    224         28.3         10.0        999.9        .0           999.9
1980    225         34.4         11.7        999.9        .0           999.9
1980    226         29.4         11.7        999.9        .0           999.9
1980    227         23.9         12.8        999.9        .0           999.9
1980    228         23.3         13.9        999.9      22.9           999.9