1977   239         19.7          8.0         21.0        .0           999.9   14.4
1977   240         19.9          4.1         18.0        .0            12.7
1977   241         26.1          6.2         17.2        .0            14.9
1977   242         28.3          8.1         19.8        .0            17.2
1977   243         19.3          6.6         17.7        .0            15.6
1977   244         26.6          8.2         16.9        .0            16.3
1977   245         22.4         10.4         17.6        .0            16.8
1977   246         29.2         12.2         16.2        .0            18.9
1977   247         25.3         10.6         18.7        .0            18.9
1977   248         29.5         10.5         20.4        .0            19.4
1977   249         30.0          9.8         18.3        .0            19.8
1977   250         29.3          9.9         16.0        .0            19.8
1977   251         30.5         11.7         19.1        .0            20.4
1977   252         20.3          1.0         19.9        .0            15.7
1977   253         26.3          3.6         13.0        .0            14.4
1977   254         22.5          8.4         11.1        .0            15.2
1977   255         23.5          9.4         13.8        .0            16.3
1977   256         20.2          5.2         17.3        .0            14.8
1977   257         24.6          4.8         18.1        .0            14.6
1977   258         24.6          5.1         16.1        .0            15.1
1977   259         24.4          6.3         17.0        .0            15.5
1977   260         24.7          6.1         14.0        .0            15.7
1977   261         18.0          2.7         19.1        .0            13.2
1977   262         22.7          2.0         13.6        .0            12.6
1977   263         25.1          4.3         15.3        .0            14.0
1977   264         20.2          7.4         15.6        .0            14.5
1977   265         21.7          -.2         15.2        .0            12.8
1977   266         17.3          5.7         16.8        .0            12.1
1977   267         22.9         -1.1         15.5        .0            11.8
1977   268         22.7          -.3         16.4        .0            11.8
1977   269         22.9          3.3         11.6        .0            12.8
1977   270         24.4          4.5         14.4        .0            14.2
1977   271         25.9          5.5         16.6        .0            15.4
1977   272         25.4          5.1         12.9        .0            15.7
1977   273         21.4          7.3         13.1        .0            15.2
1977   274         13.2          1.1         17.1        .0            11.3
1977   275         14.7          -.8         15.5        .0             8.7
1977   276         21.2          -.9         10.9        .0             9.6
1977   277         13.2          3.7         13.6        .0             8.9
1977   278          8.8          4.6          5.7        .0             9.3
1977   279         15.0          3.2         10.6        .0            10.9
1977   280         16.6          4.6         16.6        .0            10.8
1977   281         14.2           .9         17.6        .0             8.4
1977   282         19.2         -2.6         14.5        .0             9.3
1977   283         12.8         -2.9         11.7        .0             4.2
1977   284          9.5         -9.4         17.5        .0             2.6
1977   285         20.8         -6.0         16.9        .0             6.4
1977   286         24.4           .9         16.7        .0            10.0
1977   287         22.6         -1.5         15.8        .0             9.9
1977   288         18.8           .1         15.3        .0             9.9
1977   289         25.6          1.6         16.3        .0            12.0
1977   290         18.8         -1.0         14.6        .0            10.9
1977   291         24.8           .0         15.5        .0             9.9
1977   292         26.7          4.2         15.2        .0            11.3
1977   293         25.9          2.8         12.9        .0            12.3
1977   294         11.3          -.2          8.8        .0             9.8
1977   295         13.9          -.1         12.6        .0             8.5
1977   296         19.3           .9         14.3        .0             9.0
1977   297         19.0          2.2          9.3        .0             9.5
1977   298         24.2          2.1         14.2        .0            11.0
1977   299         26.3          3.9         14.2        .0            11.1
1977   300         15.4           .2         13.5        .0             8.4
1977   301         23.4          -.7         13.3        .0             9.1
1977   302         23.2           .5         12.6        .0            10.2
1977   303         15.2          3.9         11.9        .0             9.0
1977   304          8.2          1.2          7.9        .0             5.4
1977   305          7.8         -4.5         12.7        .0             3.2
1977   306         19.7           .1         12.9        .0             8.0
1977   307         10.7         -5.6         12.5        .0             5.6
1977   308         19.6           .3          7.9        .0             6.3
1977   309         22.1           .3         11.7        .0             7.9
1977   310         15.2           .0          8.7        .0             7.0
1977   311         14.3           .5          9.1        .0             7.6
1977   312          3.6         -7.7          7.1      12.7             1.6
1977   313          -.3        -11.1         13.2       2.5            -1.6
1977   314          8.8         -4.4         12.2        .0              .8
1977   315         14.5         -5.1         11.6        .0             2.8
1977   316         15.4          -.8          8.3        .0             3.9
1977   317         16.0          -.8         11.1        .0             4.4
1977   318         12.8          1.8         10.6        .0             5.7
1977   319          9.2          1.1          9.3        .0             4.2
1977   320          3.4         -2.3          6.5        .0             2.2
1977   321          1.9         -8.3          6.6        .0             -.1
1977   322          3.5         -6.3          6.0        .0             -.5
1977   323         -3.3        -10.2          5.5       2.5            -2.1
1977   324         -8.3        -16.0         10.4        .0            -4.8
1977   325         -1.6        -19.6          9.0        .0            -5.8
1977   326          9.2         -9.8          6.7        .0            -2.4
1977   327          6.7         -2.4          8.5        .0              .6
1977   328          7.1         -5.3          5.2        .0             1.3
1977   329          9.4         -4.6          9.1        .0             1.6
1977   330         11.2          -.4          7.7       2.5             2.9
1977   331          2.8         -8.1          5.4        .0             1.0
1977   332          5.5         -5.9          7.4        .0              .2
1977   333          6.5         -5.4          6.1        .0              .4
1977   334          1.3         -6.6          9.0        .0              .7
1977   335           .0         -6.0          6.7        .0             -.5
1977   336          9.4         -3.1          5.6        .0             1.2
1977   337         12.2          8.0          5.2        .0             4.5
1977   338          9.5         -7.9          6.6        .0             3.1
1977   339         -9.5        -16.9          7.5        .0              .1
1977   340          5.0        -18.4          5.2        .0            -1.3
1977   341         12.0         -4.1          5.8        .0              .3
1977   342         -4.4        -23.3          8.5        .0             -.2
1977   343         -6.2        -22.9          9.0        .0            -3.7
1977   344          8.8        -10.6          8.1        .0            -1.8
1977   345         14.0          -.3          8.1        .0              .2
1977   346          8.7         -2.4          3.4        .0              .8
1977   347          9.7          -.1          8.2        .0              .4
1977   348         15.3          3.9          6.7        .0             3.3
1977   349         12.7          2.7          2.5        .0             3.4
1977   350          3.6         -2.1          6.5        .0              .7
1977   351          4.9         -4.3          8.3        .0             -.5
1977   352         12.0         -4.2          5.3        .0              .4
1977   353         -1.5         -9.0          7.0        .0            -1.1
1977   354         -3.1        -10.9          8.3        .0            -4.1
1977   355          8.3         -7.6          8.3        .0            -1.8
1977   356          8.2          1.9          4.7        .0             1.1
1977   357          9.6          1.5          4.3        .0             1.4
1977   358          4.9        -10.7          6.7        .0             -.8
1977   359         -1.3        -12.2          8.6        .0            -2.3
1977   360         -2.2        -11.0          5.6        .0            -4.2
1977   361          3.3        -14.4          8.1        .0            -3.4
1977   362          8.5        -12.8          8.7        .0            -2.6
1977   363          3.3         -3.7          4.0        .0            -1.7
1977   364          7.7         -9.4          4.9        .0             -.8
1977   365         -8.9        -17.9          7.8        .0            -7.2
1978     1         -7.3        -15.8          9.1        .0            -8.2
1978     2          2.0        -13.6          9.1        .0            -6.7
1978     3         10.3         -8.8          5.2        .0            -3.2
1978     4          6.5         -2.2          3.0        .0             -.6
1978     5         10.2         -5.9          6.5        .0            -1.3
1978     6          7.8           .1          2.2        .0              .1
1978     7          5.5        -10.4          7.8        .0             -.2
1978     8         -8.9        -14.5          5.0        .0            -5.6
1978     9         -9.6        -13.6          5.7        .0            -6.8
1978    10         -7.0        -13.6          5.6        .0            -7.4
1978    11          5.6        -10.0          7.4        .0            -4.0
1978    12          6.4         -5.6          8.5        .0            -1.1
1978    13          2.1        -10.8          9.6        .0            -1.8
1978    14          7.2        -10.9          7.0        .0            -2.2
1978    15         -2.1        -14.0          4.5        .0            -2.3
1978    16        -12.4        -16.7          7.5        .0            -3.3
1978    17          9.3        -14.8          5.6        .0            -2.3
1978    18         -5.3        -12.2          8.8        .0            -5.0
1978    19        -10.4        -17.8          8.3        .0            -8.7
1978    20         -4.0        -18.4          8.8        .0            -9.5
1978    21           .9        -14.3         11.0        .0            -6.7
1978    22          4.5        -12.3         10.6        .0            -3.6
1978    23         -2.5        -10.8          7.5       2.5            -3.7
1978    24         -3.6        -14.3         10.4        .0            -5.5
1978    25         -9.5        -13.3          8.1        .0            -7.7
1978    26         -5.9        -14.0          7.1        .0            -8.0
1978    27          -.6        -18.4         11.3        .0            -7.5
1978    28         -2.6        -15.3         10.8        .0            -6.9
1978    29         -2.0        -10.2         10.6        .0            -5.3
1978    30         -2.1        -10.0          7.3        .0            -4.2
1978    31           .2        -13.6          7.7        .0            -4.3
1978    32         -3.6        -17.5         12.1        .0            -6.4
1978    33          4.6        -16.9         10.8        .0            -5.6
1978    34          6.7         -9.0         10.3        .0            -1.9
1978    35          7.2         -4.5         12.4        .0             1.4
1978    36         -2.1         -6.7          8.4        .0             -.3
1978    37         -3.6         -8.6          8.6        .0            -2.9
1978    38         -2.9         -9.4          8.1        .0            -4.0
1978    39         -4.6         -9.2          7.2        .0            -4.5
1978    40          1.8         -8.7         11.3        .0            -2.9
1978    41          1.9         -9.6          9.2        .0            -2.1
1978    42         -2.9        -10.6          6.8        .0            -3.4
1978    43         -6.3        -10.6         10.2        .0            -5.3
1978    44         -9.0        -16.6         12.9        .0            -8.3
1978    45         -6.6        -19.2         11.4        .0            -9.9
1978    46         -2.1        -19.6         11.9        .0            -9.3
1978    47         -6.8        -14.2         11.9        .0            -8.4
1978    48         -3.2        -17.8         14.4        .0            -8.1
1978    49         -1.7        -14.6         12.6        .0            -6.9
1978    50           .0         -9.9         12.2        .0            -4.5
1978    51         -1.0         -9.1         13.4        .0            -3.3
1978    52          5.5        -10.4         14.5        .0            -1.8
1978    53          4.6         -1.5         15.2        .0             1.1
1978    54         11.2         -5.3         14.5        .0             3.4
1978    55          3.6           .6         14.0        .0             2.0
1978    56           .8           .6         10.3        .0              .6
1978    57          2.9           .6         14.1       2.5              .8
1978    58           .8           .6          7.5       2.5              .7
1978    59           .9           .6         14.4        .0              .8
1978    60           .9           .6         10.9       2.5              .7
1978    61           .8         -2.6         14.0        .0            -1.1
1978    62         -2.4         -5.5         14.7        .0            -5.5
1978    63           .3         -6.8         17.4        .0            -3.4
1978    64          2.0         -2.5         10.9        .0             -.1
1978    65          2.6         -3.8         13.3        .0              .9
1978    66          5.9         -3.6         16.9        .0             1.9
1978    67         11.2         -4.8         17.2        .0             3.5
1978    68         13.5          -.7         12.3        .0             6.0
1978    69          4.5           .0          8.8        .0             5.1
1978    70          9.0         -5.8         17.7        .0             3.7
1978    71          9.5         -3.6         12.7        .0             3.8
1978    72          5.0         -3.2         14.7        .0             3.1
1978    73          4.5         -2.8         13.9        .0             2.6
1978    74           .3         -7.1         16.6        .0              .8
1978    75          6.2         -7.4         19.7        .0              .8
1978    76         16.6           .3         17.8        .0             4.4
1978    77         17.5           .2         14.7        .0             6.9
1978    78         16.8          -.2         13.6        .0             6.7
1978    79         14.5         -1.9         16.6        .0             7.8
1978    80         20.2         -3.1         19.7        .0             8.6
1978    81          8.5         -3.6         13.4        .0             5.5
1978    82          5.7         -2.5         16.8       2.5             3.9
1978    83         10.2         -5.4         12.5        .0             3.5
1978    84         10.2         -2.5         17.3        .0             4.4
1978    85         14.0         -3.9         19.0        .0             5.6
1978    86         17.9         -1.6         20.1        .0             7.6
1978    87         19.5         -1.4         21.3        .0             9.3
1978    88         22.4          1.1         21.6        .0            12.0
1978    89         24.9          1.4         21.5        .0            13.4
1978    90         23.1          5.3         19.9        .0            14.6
1978    91         11.3          2.9         10.2       2.5             8.9
1978    92         17.6          2.0         17.8        .0             9.1
1978    93         12.7          -.1         16.7        .0             8.7
1978    94         18.2          -.3         22.2        .0            10.2
1978    95         15.9           .7         17.8        .0             8.9
1978    96         18.3          -.7         21.4        .0             9.5
1978    97         20.2          -.8         19.7        .0            10.0
1978    98         16.8          2.6         18.6       2.5            10.4
1978    99          6.1           .1         11.1       7.6             7.2
1978   100          6.0         -3.6         18.0        .0             2.2
1978   101         19.2         -3.9         19.4        .0             3.5
1978   102         11.7         -3.1         24.7        .0             5.7
1978   103         14.4         -1.9         20.5        .0             8.0
1978   104         12.9          1.6         15.3        .0             9.0
1978   105         10.7          2.7          8.8        .0             7.5
1978   106          7.1           .6          7.9        .0             3.6
1978   107          9.9           .2         20.7        .0             5.5
1978   108          9.9          -.1         16.0        .0             4.7
1978   109          8.9         -2.9         18.4        .0             6.0
1978   110         12.9         -5.0         25.2        .0             8.3
1978   111         15.2           .0         20.9       2.5             7.7
1978   112          9.2          -.7         20.6        .0             3.8
1978   113         13.2          1.5         16.7        .0             5.1
1978   114         13.5         -3.8         26.6        .0             3.9
1978   115         15.9         -1.0         21.0        .0             4.4
1978   116         18.4           .8         21.7        .0             5.5
1978   117         22.4          2.9         19.9        .0             7.1
1978   118         14.3          4.0         21.1        .0             6.7
1978   119         10.9          2.3         21.3        .0             5.3
1978   120          8.6          4.3         17.2       5.1             4.6
1978   121          5.9          2.0         15.2        .0             3.6
1978   122          5.9           .1         16.4        .0             2.8
1978   123         11.9          -.3         19.8       5.1             3.3
1978   124          9.2           .9         22.3       2.5             3.6
1978   125          5.3           .1         12.8       7.6             2.8
1978   126           .8          -.4         19.4       5.1             1.5
1978   127          6.0         -3.5         22.6       2.5             1.2
1978   128          8.5          -.5         25.3        .0             2.2
1978   129         16.4         -1.7         27.8        .0             3.9
1978   130         23.9          1.6         22.6        .0            10.4
1978   131         17.7          6.3         12.1        .0            10.3
1978   132         14.6           .2         27.0       2.5             8.3
1978   133         28.7         -1.4         30.1        .0             7.2
1978   134         26.7          2.7         25.5        .0             8.6
1978   135         29.4          4.4         26.1        .0             9.9
1978   136         24.9          9.3         25.4        .0            10.4
1978   137         13.6          8.3         13.3      12.7             8.6
1978   138         15.7          1.6         25.9        .0             6.6
1978   139         16.4          2.4         26.5        .0             6.0
1978   140         17.8          1.4         23.6        .0             6.1
1978   141         21.7          6.1         20.2       5.1             7.6
1978   142         20.5          7.3         23.3        .0             8.5
1978   143         24.3          6.7         24.6        .0             9.3
1978   144         25.9          8.0         25.3        .0            10.0
1978   145         23.7          7.0         25.2        .0             9.9
1978   146         20.9          6.9         24.7        .0             9.2
1978   147         16.4          6.6         19.4      10.2             8.0
1978   148         12.5          4.9         22.4       2.5             6.6
1978   149         21.4          2.1         24.9        .0             6.8
1978   150         17.8          5.2         21.1       2.5             7.2
1978   151         15.4          3.8         24.6        .0             6.7
1978   152         11.4          1.6         19.3        .0             5.3
1978   153         13.8           .3         23.5        .0             4.7
1978   154         16.1          4.1         19.2       2.5             5.7
1978   155         17.0          5.4         20.3      10.2             6.7
1978   156         13.8          7.7         18.8       7.6             7.0
1978   157         22.5          3.4         25.9        .0             7.6
1978   158         17.6          7.5         21.5       2.5             7.9
1978   159         21.4          4.6         25.8        .0             8.1
1978   160         27.3          7.9         31.4        .0             9.7
1978   161         33.2         12.5         20.9        .0            19.2
1978   162         20.3          6.3         27.3        .0            18.6
1978   163         22.8          3.8         26.6        .0             8.9
1978   164         35.2         11.3         28.3        .0            21.6
1978   165         34.1         10.7         30.0        .0            23.0
1978   166         34.5         10.5         30.8        .0            24.0
1978   167         28.3         11.7         28.5        .0            23.6
1978   168         21.9          8.3         26.1        .0            20.7
1978   169         25.5          5.4         30.1        .0             9.8
1978   170         25.7          8.8         22.2        .0            10.2
1978   171         26.7          2.9         25.6        .0            21.6
1978   172         32.7          9.4         27.2        .0            23.3
1978   173         28.2         10.2         23.8        .0            12.0
1978   174         29.5         12.5         26.6        .0            12.6
1978   175         30.4         13.0         25.6        .0            13.0
1978   176         30.0         10.4         27.3        .0            12.8
1978   177         23.8          6.7         26.9        .0            10.9
1978   178         27.5          8.7         23.6        .0            10.7
1978   179         28.7         11.9         25.7        .0            11.7
1978   180         29.4         12.5         22.8        .0            12.6
1978   181         28.1         12.2         12.3        .0            22.5
1978   182         28.0          8.4         23.0       2.5            11.8
1978   183         31.4         11.1         26.7        .0            12.3
1978   184         33.0         11.4         24.9        .0            13.2
1978   185         31.9          9.7         27.0        .0            13.1
1978   186         28.7         10.1         26.4      17.8            12.4
1978   187         22.0          9.7         22.3        .0            10.9
1978   188         25.4          7.5         26.9        .0            10.3
1978   189         35.1         16.6         30.2        .0            24.1
1978   190         23.2         13.4         17.0        .0            22.2
1978   191         26.4          9.4         27.0        .0            11.6
1978   192         29.0         11.3         20.7      15.2            11.8
1978   193         28.2         12.1         26.5        .0            12.3
1978   194         29.4         11.3         24.6        .0            12.5
1978   195         33.3         13.3        999.9        .0            14.1
1978   196         33.9         15.6        999.9        .0            14.1
1978   197         33.9         10.6        999.9        .0            14.1
1978   198         33.6         15.6        999.9        .0            14.1
1978   199         29.4         14.4        999.9        .0            14.1
1978   200         29.4         12.8        999.9       5.1            14.1
1978   201         26.7         13.9        999.9       5.1            14.1
1978   202         22.2         10.0        999.9       5.1            14.1
1978   203         21.1          7.8        999.9        .0            14.1
1978   204         26.7          7.8        999.9        .0            14.1
1978   205         33.9         12.8        999.9        .0            14.1
1978   206         32.2         13.9        999.9        .0            14.1
1978   207         31.1         13.9        999.9        .0            14.1
1978   208         34.4         13.6        999.9        .0            14.1
1978   209         33.9         15.0        999.9      10.2            14.1
1978   210         24.4         14.4        999.9      20.3            14.1
1978   211         26.7         12.8        999.9       2.5            14.1
1978   212         23.9         13.9        999.9        .0            14.1
1978   213         28.3         12.2        999.9       5.1            14.1
1978   214         20.0         11.1        999.9       7.6            14.1
1978   215         15.6          6.7        999.9       2.5            14.1
1978   216         24.4          9.4        999.9        .0            14.1
1978   217         28.3          9.4        999.9        .0            14.1
1978   218         31.1         11.1        999.9        .0            14.1
1978   219         30.0         12.8        999.9        .0            14.1
1978   220         28.3         14.4        999.9        .0            14.1
1978   221         27.2         11.7        999.9       2.5            14.1
1978   222         31.1         12.8        999.9        .0            14.1
1978   223         33.3         13.6        999.9        .0            14.1
1978   224         33.9         13.9        999.9        .0            14.1
1978   225         32.8         15.0        999.9        .0            14.1
1978   226         22.2         11.7        999.9       5.1            14.1
1978   227         23.9          8.3        999.9        .0            14.1
1978   228         30.6          7.8        999.9        .0            14.1
1978   229         29.4         11.7        999.9        .0            14.1
1978   230         22.8          7.2        999.9       2.5            14.1