1978   241         21.1          7.6         20.0        .0           999.9    14.9
1978   242         24.7          5.6         21.6        .0            15.6
1978   243         27.6          8.7         20.2        .0            17.0
1978   244         28.5          9.9         22.7        .0            18.7
1978   245         30.3          8.8         22.2        .0            19.4
1978   246         30.4         10.5         21.9        .0            20.0
1978   247         31.6         13.6         21.1        .0            21.4
1978   248         30.8         10.4         22.1        .0            21.2
1978   249         31.6         11.3         21.9        .0            21.1
1978   250         29.6         10.3         21.7        .0            20.6
1978   251         28.4          9.7         19.4        .0            19.7
1978   252         27.5          8.4         20.9        .0            18.7
1978   253         28.9          9.9         19.3        .0            18.9
1978   254         21.2         10.1         19.9        .0            17.5
1978   255         19.2          5.7         20.5        .0            14.7
1978   256         19.9           .7         20.3        .0            12.3
1978   257         23.0          1.4         20.2        .0            12.2
1978   258         27.1          2.2         20.3        .0            14.0
1978   259         23.9          7.2         19.9        .0            15.3
1978   260         13.2          7.8         15.7        .0            13.3
1978   261         17.8          5.0         18.0        .0            12.2
1978   262         11.3           .1         15.6        .0             9.2
1978   263         10.8         -1.0         17.5        .0             7.0
1978   264         16.8         -1.5         19.5        .0             7.6
1978   265         24.1          -.5         19.3        .0            10.5
1978   266         25.6          3.6         19.2        .0            13.6
1978   267         23.9          3.6         18.9        .0            14.4
1978   268         23.0          4.1         18.9        .0            14.2
1978   269         25.6          4.6         17.8        .0            14.9
1978   270         25.2          3.3         18.2        .0            15.0
1978   271         25.3          5.7         14.7        .0            15.4
1978   272         16.8          3.3         18.0        .0            13.0
1978   273         23.0          -.6         17.9        .0            11.9
1978   274         24.2          2.8         15.8        .0            13.0
1978   275         14.0          2.8         16.5        .0            11.3
1978   276         16.8         -3.2         17.5        .0             9.0
1978   277         15.1          1.2         16.9        .0             8.7
1978   278         14.0         -3.2         17.1        .0             7.6
1978   279         17.3         -5.0         17.1        .0             7.0
1978   280         22.0         -2.8         17.4        .0            13.3
1978   281         24.1          4.6         14.4        .0            15.3
1978   282         19.9           .3         16.8        .0            14.1
1978   283         23.2          2.4         16.8        .0            15.1
1978   284         21.1          6.1         16.1        .0            16.1
1978   285         14.6          2.3          9.6        .0            10.6
1978   286         12.5         -7.8         16.5        .0             9.4
1978   287         17.3         -6.8         16.0        .0             9.4
1978   288         18.4          -.9         16.0        .0            11.2
1978   289         20.7         -1.3         15.4        .0            10.8
1978   290         16.0          3.5         11.5        .0            11.8
1978   291         11.6         -1.6         11.0        .0             8.7
1978   292         22.5          -.2         15.2        .0            11.4
1978   293         23.7          2.8         12.3        .0            12.7
1978   294         17.0          9.0         11.0        .0            14.4
1978   295          8.6         -6.9          7.9       7.6             3.8
1978   296         12.8         -7.7         14.5        .0             4.2
1978   297         17.7           .4          9.7        .0             5.6
1978   298          4.3         -2.0          7.2        .0             3.0
1978   299         15.0         -4.2         13.9        .0             3.9
1978   300         18.0         -2.2         13.9        .0             5.5
1978   301         18.9         -1.8         13.6        .0             5.8
1978   302         20.5          -.5         13.7        .0             6.3
1978   303          6.3         -4.0         11.4        .0             5.1
1978   304         13.3         -5.6         12.7        .0             4.3
1978   305         19.7         -2.1         12.5        .0             7.3
1978   306         21.2         -1.1         12.6        .0             7.3
1978   307         17.2          -.2         12.4        .0             7.1
1978   308         18.5          -.7          9.3        .0             7.1
1978   309          6.1         -6.2         10.6        .0             5.0
1978   310         12.3         -8.1         11.8        .0             3.0
1978   311         18.1          -.1         11.1        .0             5.7
1978   312         21.4          3.1         10.2        .0             7.7
1978   313         12.6          -.8          8.5        .0             5.9
1978   314          -.4        -10.9          1.5        .0              .4
1978   315         -7.1        -11.4          3.2        .0            -1.3
1978   316         -1.2         -8.5          3.6       2.5             -.7
1978   317          -.4        -14.1          6.9        .0             -.9
1978   318         -3.7        -13.5          7.0        .0            -1.9
1978   319           .3        -12.9         10.8        .0            -1.6
1978   320          4.4        -13.5         10.7        .0            -2.4
1978   321          7.4         -4.4         10.2        .0            -1.5
1978   322          1.3         -9.3          9.7        .0            -1.2
1978   323         -7.1        -14.0          2.6        .0            -3.7
1978   324         -9.3        -13.6          3.6        .0            -3.8
1978   325          -.6        -11.0          4.8        .0            -2.8
1978   326         12.1         -8.9          8.8        .0            -1.5
1978   327          7.6         -8.0         10.0        .0             -.5
1978   328          7.2         -7.4          7.8        .0            -1.5
1978   329          -.3         -7.1          2.4       2.5            -1.2
1978   330         -2.7         -7.2          4.9       2.5             -.8
1978   331         -2.9        -10.1          9.6        .0            -1.2
1978   332          2.9        -10.6          4.4       2.5            -1.4
1978   333          1.8         -9.4          8.1        .0            -1.6
1978   334          4.1         -8.0          6.3        .0            -1.5
1978   335          1.3        -14.5          2.3       2.5             -.6
1978   336        -12.6        -20.4          5.9       2.5             -.8
1978   337         -3.3        -23.7          8.4       2.5            -1.5
1978   338          6.3         -3.4          8.1        .0            -1.1
1978   339          3.7        -13.9          5.9        .0             -.9
1978   340        -11.9        -17.7          6.0        .0            -2.7
1978   341        -15.3        -26.5          8.0        .0            -4.0
1978   342        -13.5        -23.3          9.1        .0            -6.8
1978   343         -3.3        -15.3          7.1        .0            -6.9
1978   344         -2.3        -10.5          5.9        .0            -4.7
1978   345          3.9        -12.2          7.7        .0            -4.2
1978   346          3.6         -9.5          6.7        .0            -2.8
1978   347           .2        -11.9          9.0        .0            -5.3
1978   348          5.7         -9.3          9.7        .0            -3.4
1978   349          3.6         -8.8          8.5        .0            -2.6
1978   350           .7        -11.4          8.9        .0            -6.3
1978   351          5.3        -13.4          2.8        .0            -5.8
1978   352          4.2         -4.0          3.5        .0            -2.2
1978   353          6.8         -8.1          4.5        .0            -1.0
1978   354         -3.6        -10.2          8.4        .0            -2.6
1978   355          2.1         -9.5          6.1        .0            -4.0
1978   356          3.1        -12.6          6.8        .0            -4.5
1978   357           .5        -11.1          8.7        .0            -3.4
1978   358          5.2         -5.1          8.1        .0            -2.0
1978   359          1.2        -10.6          8.2        .0            -2.2
1978   360         -6.7        -21.0          8.1        .0            -4.0
1978   361          1.2        -15.0          4.7        .0            -4.6
1978   362          1.4        -19.9          8.2        .0            -4.7
1978   363        -17.7        -25.9          4.7        .0            -8.1
1978   364        -14.3        -29.6          6.1        .0            -8.5
1978   365        -15.1        -28.4          8.5        .0            -8.4
1979     1        -15.2        -29.5          8.5        .0           -11.1
1979     2         -7.1        -17.0          4.9        .0           -11.1
1979     3         -6.5        -14.6          6.8        .0            -9.4
1979     4        -11.7        -19.4          6.5        .0            -8.4
1979     5        -13.2        -22.4          7.3       2.5            -7.3
1979     6        -10.0        -23.1          8.3        .0            -7.0
1979     7        -13.3        -24.9          9.6        .0            -7.5
1979     8         -4.8        -22.9          9.6        .0            -8.6
1979     9         -1.8        -18.6          9.1        .0            -8.9
1979    10         -9.0        -17.8          7.5        .0            -9.4
1979    11          2.9        -10.5          4.7        .0            -4.4
1979    12          -.3        -22.0          4.7        .0            -4.0
1979    13         -8.5        -23.5          8.6        .0            -8.9
1979    14         -6.2        -25.4          8.8        .0           -10.3
1979    15          2.0         -8.5          9.0        .0            -6.2
1979    16          2.7         -9.1          8.7        .0            -5.2
1979    17          1.3        -10.9          8.7        .0            -5.7
1979    18          2.4         -6.6          2.9        .0            -3.5
1979    19           .4         -8.8         10.2        .0            -4.5
1979    20         -2.4         -6.9          9.0        .0            -4.5
1979    21          3.5         -5.3         10.0        .0            -3.5
1979    22          1.9        -16.5          5.1        .0            -5.4
1979    23         -6.3        -18.6         10.7        .0           -10.1
1979    24          2.1        -13.8         10.4        .0            -6.9
1979    25         -3.2        -12.0          5.7        .0            -5.4
1979    26         -9.8        -20.7          9.8        .0            -5.3
1979    27         -8.0        -19.8         11.4        .0            -6.1
1979    28         -4.8        -23.8         11.4        .0            -8.2
1979    29        -12.4        -19.4          8.1        .0            -8.0
1979    30        -12.5        -25.3         11.2        .0            -8.1
1979    31         -3.6        -24.1         12.2        .0            -9.1
1979    32         -4.7        -19.2          9.8        .0            -8.6
1979    33         -3.7        -19.0         12.7        .0            -8.9
1979    34         -4.6        -13.9         12.4        .0            -8.5
1979    35         -4.0        -18.2         10.8        .0            -7.3
1979    36           .2        -16.3         12.6        .0            -7.3
1979    37         -1.2        -11.0          9.9        .0            -5.3
1979    38          3.0        -11.0          6.6        .0            -3.9
1979    39         -4.0        -14.1         13.3        .0            -4.3
1979    40          4.1        -10.7         10.9        .0            -4.1
1979    41          6.3         -1.3         11.9        .0            -2.0
1979    42          7.6         -1.8         11.9        .0             -.7
1979    43          8.5         -2.7         10.3        .0              .1
1979    44         12.9          1.2          9.4        .0             1.2
1979    45         14.4         -2.7         10.5        .0             3.2
1979    46         -1.6        -18.3         12.6        .0            -1.8
1979    47         -2.9        -16.6         12.9        .0            -3.2
1979    48          2.5        -11.7         12.9        .0            -2.8
1979    49          8.0         -9.8         14.5        .0            -1.8
1979    50          9.0         -3.8         10.9        .0             -.5
1979    51          3.0         -6.0         14.7        .0             -.2
1979    52          3.3         -7.3          8.1        .0            -1.8
1979    53         -1.0        -10.9         13.0        .0            -1.9
1979    54           .5        -12.4         15.0        .0            -2.9
1979    55          3.4         -9.3         13.7        .0            -2.0
1979    56          9.8         -7.8         11.5        .0            -1.7
1979    57         13.5         -2.6         12.7        .0              .5
1979    58          1.8         -4.5          7.3        .0             -.5
1979    59          8.4         -6.9         16.0        .0             -.2
1979    60         10.7         -4.7         13.9        .0              .6
1979    61          5.5         -8.8          5.9        .0            -1.1
1979    62          -.1        -10.4         17.4        .0            -1.6
1979    63          6.0         -9.8         17.5        .0            -1.3
1979    64         10.4         -6.3         15.9        .0             1.6
1979    65         10.7          -.8         11.1        .0             4.6
1979    66         14.5          1.6         16.8        .0             7.5
1979    67          7.5         -5.1          9.8        .0             1.7
1979    68           .9         -8.9         14.8        .0             -.5
1979    69          6.7         -7.1         18.7        .0             -.3
1979    70         14.2         -2.5         19.2        .0             4.0
1979    71         16.7         -2.7         19.4        .0             4.8
1979    72          5.6         -8.4         17.6        .0             2.0
1979    73          9.9         -8.9         19.6        .0             2.9
1979    74         12.9         -5.8         19.4        .0             3.6
1979    75         13.0         -5.4         10.1        .0             3.2
1979    76         12.3           .3         10.9        .0             5.0
1979    77          2.8         -3.0          7.0       2.5             4.0
1979    78         -1.1        -10.7         20.4        .0             -.9
1979    79          -.9        -12.2         14.6        .0            -3.7
1979    80           .0         -1.0         10.8        .0            -1.4
1979    81          -.1         -3.8         12.8       2.5             -.1
1979    82          -.5         -6.4         20.3        .0             -.8
1979    83          4.8         -2.0         21.1        .0              .9
1979    84          5.3         -5.8         20.5        .0             1.7
1979    85           .2         -7.1         17.2        .0             -.1
1979    86          9.9         -3.0         19.1        .0             2.1
1979    87          9.8           .4         17.1        .0             5.0
1979    88          5.0          -.7          7.1       5.1             4.6
1979    89          6.0         -1.2         17.3      10.2             4.0
1979    90          1.8         -2.9          8.3      10.2             2.3
1979    91         -2.6         -6.6         13.0        .0             -.7
1979    92          6.4         -8.4         20.1        .0             -.6
1979    93          2.6         -6.6         16.6        .0             -.2
1979    94          6.6         -3.0         19.3        .0             1.7
1979    95         12.8         -2.2         17.5        .0             4.7
1979    96         18.3         -2.7         22.2        .0             5.9
1979    97         17.3          -.1         14.8        .0             5.4
1979    98         13.2         -3.3         23.7        .0             6.8
1979    99         18.9         -1.4         23.3        .0             9.8
1979   100          5.4          -.8          3.3       2.5             4.0
1979   101          -.3         -3.6         13.0       5.1              .7
1979   102          1.7         -4.2         22.8        .0             1.7
1979   103         10.1         -3.1         17.4        .0             3.1
1979   104         17.5         -3.3         23.2        .0             7.7
1979   105         23.4          -.3         21.3        .0            10.8
1979   106         21.8           .8         22.5        .0            13.4
1979   107         24.5          7.8         19.3        .0            15.2
1979   108         25.5          6.0         24.2        .0            16.5
1979   109         16.4          2.9         19.4        .0            13.1
1979   110         13.5         -2.3         24.8        .0            12.3
1979   111         19.0          -.9         20.9        .0            13.6
1979   112         21.0         -1.3         22.2        .0            14.2
1979   113         25.4          2.2         22.5        .0            17.1
1979   114         18.3          5.4         14.6        .0            13.3
1979   115         12.1          2.4         17.9        .0             6.2
1979   116         11.7         -1.3         13.4        .0             4.5
1979   117         10.6          -.3         23.4        .0             3.7
1979   118         12.9         -1.2         24.6        .0             3.8
1979   119         16.3         -4.9         26.4        .0             3.9
1979   120         15.0         -1.3         24.6        .0             4.3
1979   121         16.2          4.7         20.7        .0             5.7
1979   122          5.6          -.7          5.3       2.5             4.0
1979   123          3.0         -2.3         10.5        .0             1.8
1979   124         18.0         -3.9         26.7        .0             3.0
1979   125         23.5          4.0         19.9        .0             6.5
1979   126         23.2          4.8         23.9        .0             8.4
1979   127          9.4         -7.6          4.3       5.1             4.6
1979   128          8.5          -.1          4.2       7.6             3.1
1979   129          1.2         -1.6         14.2       5.1             1.2
1979   130          3.8         -1.9         26.1        .0             1.3
1979   131         15.1         -1.7         25.6        .0             6.4
1979   132         16.8           .0         22.6        .0             8.9
1979   133         23.8          1.0         27.7        .0            12.8
1979   134         24.6          2.1         23.9        .0            13.5
1979   135         21.7          5.8         17.8        .0             8.5
1979   136         26.1          7.3         24.7        .0            16.5
1979   137         19.6          7.4         23.7        .0            17.1
1979   138         18.3          4.5         27.9        .0            16.2
1979   139         19.4          6.2         26.5        .0            17.3
1979   140          9.1          4.0          9.8        .0            10.7
1979   141         22.2          4.6         23.0        .0            15.4
1979   142         17.5          4.6         21.8        .0            14.9
1979   143         14.0          3.9         16.0        .0            13.2
1979   144         20.8          3.3         27.9        .0            16.8
1979   145         20.8          6.7         23.2        .0            17.8
1979   146         23.5          5.2         26.3        .0            19.1
1979   147         25.8          6.4         22.6        .0            18.8
1979   148         27.1          9.2         19.5        .0            19.2
1979   149         12.7          2.5          5.3       2.5            11.1
1979   150          6.6          -.2         10.7        .0             7.1
1979   151         10.3          1.0         16.8       5.1            10.4
1979   152         16.7          -.1         29.5        .0            12.9
1979   153         21.7          2.3         29.5        .0            15.8
1979   154         26.0          3.6         27.6        .0            18.5
1979   155         25.8          7.7         27.6        .0            20.2
1979   156         30.2          8.6         29.0        .0            22.5
1979   157         21.7         10.3         24.3      12.7            20.5
1979   158         12.4          5.1         17.2       5.1            13.0
1979   159          6.4          2.9          6.7      10.2             8.6
1979   160         13.0           .6         16.7      10.2             9.8
1979   161         21.8           .9         30.5        .0            14.8
1979   162         27.6          5.8         29.0        .0            17.5
1979   163         30.6          7.7         30.6        .0            20.1
1979   164         33.0         12.7         28.5        .0            22.1
1979   165         31.4         11.5         23.8        .0            21.9
1979   166         23.1         10.6         17.7        .0            19.3
1979   167         21.4          8.2         20.9      15.2            18.4
1979   168         17.3          8.3         22.5        .0            16.7
1979   169         19.6          9.2         13.3       5.1            15.6
1979   170         17.9          6.8         25.2        .0            13.6
1979   171         24.8          7.0         30.4        .0            17.0
1979   172         27.3          6.5         29.9        .0            19.6
1979   173         23.5          9.7         23.9        .0            20.3
1979   174         20.3          9.8         19.4        .0            18.8
1979   175         27.1          7.4         27.2        .0            21.0
1979   176         31.0          6.6         24.8        .0            21.8
1979   177         29.8         11.1         26.6        .0            22.9
1979   178         26.5          8.8         22.6       5.1            21.9
1979   179         26.2         10.1         25.1        .0            20.6
1979   180         27.4          9.4         26.5        .0            21.8
1979   181         32.7         13.5         22.1        .0            22.0
1979   182         28.0         13.2         16.1        .0            19.5
1979   183         29.6         10.0         26.6        .0            21.7
1979   184         30.4         12.4         25.7        .0            23.6
1979   185         26.9          9.3         25.1      27.9            22.6
1979   186         23.1         10.5         23.6        .0            17.9
1979   187         22.0         14.4         21.0       5.1            18.8
1979   188         23.3         12.9         30.1        .0            18.8
1979   189         24.6         12.6         26.3        .0            19.7
1979   190         23.1         14.2         29.3        .0            20.5
1979   191         25.6         13.2         25.6        .0            21.1
1979   192         25.5         14.2         28.2        .0            22.0
1979   193         24.8         15.0         21.0        .0            21.9
1979   194         23.8         15.0         28.5        .0            22.2
1979   195         26.5         14.8         27.2        .0            22.6
1979   196         22.2         13.5         25.9        .0            22.0
1979   197         22.9         15.6         18.4        .0            21.5
1979   198         21.0          9.0         13.6        .0            19.9
1979   199         27.1         11.6         28.5        .0            11.0
1979   200         27.1          9.5         23.7        .0            11.4
1979   201         30.6         11.1        999.9        .0           999.9
1979   202         30.0         12.8        999.9        .0           999.9
1979   203         31.1         14.4        999.9        .0           999.9
1979   204         31.1         13.3        999.9       7.6           999.9
1979   205         25.6         13.3        999.9       2.5           999.9
1979   206         28.3         11.7        999.9      25.4           999.9
1979   207         26.7         10.0        999.9       2.5           999.9
1979   208         31.1         11.7        999.9        .0           999.9
1979   209         33.9         14.4        999.9        .0           999.9
1979   210         37.8         12.8        999.9        .0           999.9
1979   211         32.2         16.7        999.9        .0           999.9
1979   212         31.1         11.7        999.9       2.5           999.9
1979   213         33.9         14.4        999.9       2.5           999.9
1979   214         31.1         11.7        999.9        .0           999.9
1979   215         34.4         12.2        999.9        .0           999.9
1979   216         26.7          4.4        999.9        .0           999.9
1979   217         31.1          8.3        999.9        .0           999.9
1979   218         37.8         14.4        999.9        .0           999.9
1979   219         33.9         17.2        999.9        .0           999.9
1979   220         22.8         15.0        999.9       2.5           999.9
1979   221         31.1         15.6        999.9       2.5           999.9
1979   222         25.0         12.8        999.9        .0           999.9
1979   223         28.3         10.0        999.9        .0           999.9
1979   224         34.4         11.7        999.9        .0           999.9
1979   225         29.4         11.7        999.9        .0           999.9
1979   226         23.9         12.8        999.9        .0           999.9
1979   227         23.3         13.9        999.9      22.9           999.9
1979   228         23.9         10.0        999.9       5.1           999.9
1979   229         28.9          7.2        999.9        .0           999.9
1979   230         32.2         11.1        999.9        .0           999.9
1979   231         30.6         15.0        999.9        .0           999.9
1979   232         23.3          8.9        999.9       2.5           999.9
1979   233         27.2          5.6        999.9        .0           999.9
1979   234         32.2         10.6        999.9        .0           999.9
1979   235         30.6         13.9        999.9        .0           999.9
1979   236         30.6         15.0        999.9        .0           999.9
1979   237         26.7         14.4        999.9        .0           999.9
1979   238         25.0          8.9        999.9        .0           999.9
1979   239         28.3         10.0        999.9        .0           999.9
1979   240         32.2         11.1        999.9        .0           999.9
1979   241         31.1         13.9        999.9        .0           999.9
1979   242         28.3         10.0        999.9        .0           999.9
