   2004     1    -3.4   -11.3      7.700       0   999.9
   2004     2    -1.1   -11.1     10.504       0   999.9
   2004     3    11.2   -12.1      9.625       0   999.9
   2004     4      12    -2.5      7.324       0   999.9
   2004     5    25.3     3.8      6.780       0   999.9
   2004     6     9.3    -0.7      8.537       0   999.9
   2004     7    16.4      -4     10.755       0   999.9
   2004     8    11.9    -3.2     11.760       0   999.9
   2004     9     7.3   -10.1     11.006       0   999.9
   2004    10     5.4     -12     10.923       0   999.9
   2004    11     0.3   -11.3     11.006       0   999.9
   2004    12     4.4    -4.7      9.960       0   999.9
   2004    13      -4   -10.1      7.031       0   999.9
   2004    14    -1.5    -9.3      8.161       0   999.9
   2004    15      -2   -11.7      8.496       0   999.9
   2004    16     7.7    -6.3     10.128       0   999.9
   2004    17     1.7   -13.8      8.998       0   999.9
   2004    18     4.9   -14.2      7.784       0   999.9
   2004    19    -8.5   -10.6      9.249       0   999.9
   2004    20     8.4   -12.6      7.073       0   999.9
   2004    21     7.5      -5      7.240       0   999.9
   2004    22    18.2    -0.1      7.700       0   999.9
   2004    23     4.5    -6.8     12.429       0   999.9
   2004    24     9.3   -10.1     11.843       0   999.9
   2004    25    17.1    -3.8     12.262       0   999.9
   2004    26     3.2    -8.5     11.425       0   999.9
   2004    27      20    -1.7     10.462       0   999.9
   2004    28    27.2    -2.1     13.769     1.7   999.9
   2004    29     6.7    -9.7     11.760       0   999.9
   2004    30    17.5    -8.9     11.467       0   999.9
   2004    31    -7.4   -11.7     12.973       0   999.9
   2004    32    20.2    -1.1     11.383       0   999.9
   2004    33     2.2   -12.8      7.700       0   999.9
   2004    34    14.5    -2.1      9.332       0   999.9
   2004    35    18.6     3.9      8.537       0   999.9
   2004    36     4.8    -2.5     11.132       0   999.9
   2004    37    12.2    -8.7     15.024       0   999.9
   2004    38    12.1   -10.7     13.936       0   999.9
   2004    39    22.6      -2     11.592       0   999.9
   2004    40     7.9    -8.4     14.857       0   999.9
   2004    41    -4.9   -12.4     14.354       0   999.9
   2004    42    16.7    -3.7     14.103       0   999.9
   2004    43    -0.1    -4.2     14.647       0   999.9
   2004    44     6.6      -7     15.568       0   999.9
   2004    45     1.1   -10.2     14.564       0   999.9
   2004    46    -0.9     -12      7.575       0   999.9
   2004    47     8.8    -0.3      9.709     3.7   999.9
   2004    48     0.2   -12.6     13.434       0   999.9
   2004    49     8.3    -2.6     10.965       0   999.9
   2004    50    17.8    -2.5     15.819       0   999.9
   2004    51    14.7    -6.5     15.652      16   999.9
   2004    52     5.7    -7.7      8.328       0   999.9
   2004    53     2.8    -7.5     10.881       0   999.9
   2004    54    17.2    -6.7     10.421       0   999.9
   2004    55    11.2    -4.7     18.246     2.6   999.9
   2004    56      10    -6.6     14.564     0.8   999.9
   2004    57     8.4   -12.3     11.132       0   999.9
   2004    58    -5.4     -10     16.405       0   999.9
   2004    59    21.4      -2     12.764       0   999.9
   2004    60     6.2   -12.8     16.028       0   999.9
   2004    61    32.1    -2.1     12.011       0   999.9
   2004    62    11.3    -4.1     17.828       0   999.9
   2004    63     6.1    -8.3     16.196       0   999.9
   2004    64    17.2    -5.8     14.689       0   999.9
   2004    65    13.7     0.5     15.945     1.2   999.9
   2004    66     9.3   -14.7     19.753       0   999.9
   2004    67    17.9     2.2     12.429     1.2   999.9
   2004    68    17.4    -4.3     12.848      15   999.9
   2004    69     5.1     2.2     19.293     4.8   999.9
   2004    70    11.3    -3.6     17.451       0   999.9
   2004    71    21.3     5.4     19.460       0   999.9
   2004    72    17.1    -1.5     19.669       0   999.9
   2004    73    19.4    -4.1     16.238      33   999.9
   2004    74     7.6     -11     20.004       0   999.9
   2004    75    14.5     0.6     15.903       0   999.9
   2004    76      19       3     13.308       0   999.9
   2004    77    18.4      -9     13.643       0   999.9
   2004    78    10.3      -6     16.196     3.4   999.9
   2004    79    17.2    -0.3     20.883       0   999.9
   2004    80      21    -0.5     20.381       0   999.9
   2004    81    12.8    -4.7     17.284       0   999.9
   2004    82    15.6     1.1     14.689       0   999.9
   2004    83    15.2     8.1     15.652       0   999.9
   2004    84    11.1     1.1     17.200       0   999.9
   2004    85    10.4     0.3     16.656       0   999.9
   2004    86    23.6     4.1     24.608       0   999.9
   2004    87    21.5     0.8     19.544       0   999.9
   2004    88    26.2     7.7     13.643       0   999.9
   2004    89    13.2    -1.6     24.273       0   999.9
   2004    90    11.6    -5.9     11.174       0   999.9
   2004    91    20.8     7.4     17.242       0   999.9
   2004    92    27.5     5.7     24.022       0   999.9
   2004    93    12.7    -1.7     23.436       0   999.9
   2004    94    23.7     6.4     12.178       0   999.9
   2004    95       7    -6.2     23.771       0   999.9
   2004    96    27.4       5     23.938       0   999.9
   2004    97    27.6    -0.6     19.586       0   999.9
   2004    98    16.3    -0.1     24.440       0   999.9
   2004    99     9.1    -4.2     24.440       0   999.9
   2004   100    21.1    -2.3     20.088       0   999.9
   2004   101    25.1     8.6     27.328       0   999.9
   2004   102       8      -7     15.108    20.6   999.9
   2004   103    31.4     8.9     26.491     0.3   999.9
   2004   104    11.8     2.9     23.017       0   999.9
   2004   105    23.6     5.4     21.176       0   999.9
   2004   106    20.9     1.5     17.870       0   999.9
   2004   107    20.8       5     15.945       0   999.9
   2004   108    33.2    10.5     23.478       0   999.9
   2004   109    29.6     6.9     25.989       0   999.9
   2004   110    24.3       6     11.718       0   999.9
   2004   111    21.3     3.6     17.326       0   999.9
   2004   112      23     7.3     20.423       0   999.9
   2004   113    26.5    14.4     15.317       0   999.9
   2004   114    17.3     6.3     24.231     2.2   999.9
   2004   115    12.9    -2.3     19.042       0   999.9
   2004   116    25.3    12.1     15.484       0   999.9
   2004   117    26.9       7     27.077       0   999.9
   2004   118    18.8     4.2     25.068       0   999.9
   2004   119    29.3     9.1     20.465       0   999.9
   2004   120      12     4.8     17.326     8.9   999.9
   2004   121    12.2     0.3     28.918      17   999.9
   2004   122    23.6    11.1      7.240     2.4   999.9
   2004   123    14.4     0.6     15.568    17.4   999.9
   2004   124    25.4    12.5     26.784       0   999.9
   2004   125    21.5     5.9     22.892       0   999.9
   2004   126    17.8     4.2     28.332    13.2   999.9
   2004   127    21.3     4.1     18.288       0   999.9
   2004   128    26.2    10.5     20.799       0   999.9
   2004   129    24.5     7.3     27.830       0   999.9
   2004   130    30.8     8.9     21.134       0   999.9
   2004   131    21.3       6     25.570       0   999.9
   2004   132    21.5     8.8     26.993       0   999.9
   2004   133    18.4       7     22.390       0   999.9
   2004   134    23.9    12.7     24.482       0   999.9
   2004   135    32.1    18.5     23.101       0   999.9
   2004   136    26.1    13.3     13.978       0   999.9
   2004   137    24.9    13.1     26.784       0   999.9
   2004   138    25.3    12.7     23.687     4.5   999.9
   2004   139    36.6    16.8     32.517       0   999.9
   2004   140      30    15.7     21.636       0   999.9
   2004   141    24.6       6     29.253       0   999.9
   2004   142    22.3     7.5     29.713       0   999.9
   2004   143    27.1     7.7     24.273       0   999.9
   2004   144    18.7     7.7     27.956       0   999.9
   2004   145    35.4    17.1     25.194       0   999.9
   2004   146    36.6    11.6     19.837       0   999.9
   2004   147    19.6     4.9     28.165       0   999.9
   2004   148    34.6    15.7     13.057       0   999.9
   2004   149    26.7    11.4     18.958     4.9   999.9
   2004   150    28.1    15.4     30.843       0   999.9
   2004   151    25.2     6.6     25.319       0   999.9
   2004   152    24.1     7.2     30.299       0   999.9
   2004   153    34.9    17.4     33.354       0   999.9
   2004   154    23.3    13.7     13.601       0   999.9
   2004   155    32.1      14     18.707       0   999.9
   2004   156    35.3    17.7     25.487       0   999.9
   2004   157    38.1      21     16.949       0   999.9
   2004   158    30.9    15.5     32.559       0   999.9
   2004   159    13.3     3.1     18.832       0   999.9
   2004   160    30.6    11.6     28.123       0   999.9
   2004   161    26.7    14.5     22.850       0   999.9
   2004   162    31.3      13     28.709       0   999.9
   2004   163    32.2      17     29.923       0   999.9
   2004   164    26.9     8.5     31.262       0   999.9
   2004   165    29.8    12.6     30.760    14.9   999.9
   2004   166    27.3    18.5     26.449       0   999.9
   2004   167    31.6    15.1     29.713       0   999.9
   2004   168    35.7    17.6     30.801       0   999.9
   2004   169    22.9     8.7     28.123       0   999.9
   2004   170    34.7    19.7     30.801       0   999.9
   2004   171    34.5    15.6     32.308       0   999.9
   2004   172    33.4    17.5     22.557       0   999.9
   2004   173    31.4      14     30.843       0   999.9
   2004   174    34.5    19.4     22.808       0   999.9
   2004   175    36.4    15.1     19.209       0   999.9
   2004   176    42.9    20.8     25.570       0   999.9
   2004   177    43.2      20     21.427       0   999.9
   2004   178    28.8    14.2     19.167       0   999.9
   2004   179      25    12.4     24.398       0   999.9
   2004   180    32.8    14.8     21.971       0   999.9
   2004   181    25.1    13.7     22.599       0   999.9
   2004   182    28.2    13.9     30.676       0   999.9
   2004   183    34.8    21.1     11.927       0   999.9
   2004   184    29.3    16.9     33.354       0   999.9
   2004   185    41.5      22     30.592       0   999.9
   2004   186    34.1    18.2     22.348       0   999.9
   2004   187    33.1    17.3     20.967       0   999.9
   2004   188    37.3    16.8     27.997       0   999.9
   2004   189    42.4    19.5     17.535       0   999.9
   2004   190    34.6    18.5     18.916       0   999.9
   2004   191    32.2    19.7     30.341       0   999.9
   2004   192      33    18.4     28.583       0   999.9
   2004   193    29.7    16.5     29.713    51.5   999.9
   2004   194    33.3    19.8     25.654       0   999.9
   2004   195    34.9    20.1     20.757       0   999.9
   2004   196    34.9    18.6     30.048       0   999.9
   2004   197    27.4    15.2     26.282       3   999.9
   2004   198    33.7    19.5     29.923       0   999.9
   2004   199      39    22.5     27.160     3.4   999.9
   2004   200    28.5    13.8     15.401     5.7   999.9
   2004   201    32.3    19.1     19.460     7.9   999.9
   2004   202    35.2    16.7     29.630       0   999.9
   2004   203    35.1    14.8     29.546       0   999.9
   2004   204    35.9    20.7     19.544       0   999.9
   2004   205    36.7    23.4     18.414       0   999.9
   2004   206    32.2    11.9     17.619       0   999.9
   2004   207    32.8    16.9     20.088       0   999.9
   2004   208    36.4    17.9     29.127       0   999.9
   2004   209    36.7      21     25.068       0   999.9
   2004   210    31.8      13     31.638    45.9   999.9
   2004   211    31.1    14.9     28.834       0   999.9
   2004   212    32.1    14.9     18.874       0   999.9
   2004   213    33.4      19     23.520     0.4   999.9
   2004   214    27.2    13.5     28.542     0.3   999.9
   2004   215    32.2    20.2     25.361     0.6   999.9
   2004   216    30.4      17     22.473       0   999.9
   2004   217    31.8    13.7     24.064       0   999.9
   2004   218    28.1    15.8     14.899       0   999.9
   2004   219    40.9    21.2     17.535       0   999.9
   2004   220    34.1      17     23.017       0   999.9
   2004   221    31.3      17     20.716       0   999.9
   2004   222    36.9    18.2     24.775    28.8   999.9
   2004   223    33.6    12.4     27.495       0   999.9
   2004   224    32.8    15.3     27.370       0   999.9
   2004   225    34.2      19     14.271       0   999.9
   2004   226    34.3    15.9     27.119       0   999.9
   2004   227    32.5    17.8     25.905       0   999.9
   2004   228      36    18.7     26.156       0   999.9
   2004   229    29.6    16.4     27.035       0   999.9
   2004   230    37.1    20.7     22.431       0   999.9
   2004   231      23    10.9     27.453       0   999.9
   2004   232    37.1    18.8     15.610       0   999.9
   2004   233    22.2    11.8     23.980     6.6   999.9
   2004   234    28.7    15.1     26.031       0   999.9
   2004   235    38.7    19.2     22.139       0   999.9
   2004   236    39.1    21.5     26.533       0   999.9
   2004   237    36.1    16.6     19.586       0   999.9
   2004   238    38.4    19.5     25.989       0   999.9
   2004   239    30.6    15.3     22.934       0   999.9
   2004   240    29.9    18.6     25.110    16.7   999.9
   2004   241    33.4    14.2     12.262     9.5   999.9
   2004   242    35.6    17.7     27.453     7.7   999.9
   2004   243    20.2     9.8     11.383       0   999.9
   2004   244    27.6      10     16.824       0   999.9
   2004   245    33.2    20.1     16.865       0   999.9
   2004   246    24.2     9.5     14.940       0   999.9
   2004   247      25     9.9     23.938       0   999.9
   2004   248    31.8    14.9     23.771       0   999.9
   2004   249      27    13.1     23.143       0   999.9
   2004   250      23     5.7     19.293       0   999.9
   2004   251      33      13     23.268       0   999.9
   2004   252    32.6    13.3     21.929       0   999.9
   2004   253    33.2    15.8     25.068       0   999.9
   2004   254    25.3    10.5     21.636       0   999.9
   2004   255    38.1      19     24.022     2.3   999.9
   2004   256    41.2    25.2      9.877       0   999.9
   2004   257    29.4    11.4     22.222       0   999.9
   2004   258    36.8    18.2     19.711       0   999.9
   2004   259    38.6    14.3     18.874       0   999.9
   2004   260    27.4    11.4     21.678       0   999.9
   2004   261    24.1    11.4     19.962       0   999.9
   2004   262    26.4     8.2     21.302       0   999.9
   2004   263    29.5    14.9     12.848       0   999.9
   2004   264    29.9    16.6     22.808       0   999.9
   2004   265    28.2     8.9     19.083       0   999.9
   2004   266    33.7    15.6     20.506       0   999.9
   2004   267    24.9    14.5     22.013       0   999.9
   2004   268    22.3     7.4      8.956     0.3   999.9
   2004   269    22.5       7     20.046    26.5   999.9
   2004   270    32.6    13.7     19.837       0   999.9
   2004   271    34.2    18.9     16.154       0   999.9
   2004   272    21.3     1.5     19.502       0   999.9
   2004   273    34.1    10.5     17.368       0   999.9
   2004   274    28.9    10.6     17.368       0   999.9
   2004   275    23.8     6.8     19.502       0   999.9
   2004   276      15     1.2     17.242       0   999.9
   2004   277    21.5     6.8     10.379       0   999.9
   2004   278    30.5    11.8     15.401       0   999.9
   2004   279    23.2     6.7     13.308       0   999.9
   2004   280    16.8     5.1     16.614       0   999.9
   2004   281    16.7     3.5     19.586       0   999.9
   2004   282    26.9       5      6.738       0   999.9
   2004   283    30.6    14.4     15.401       0   999.9
   2004   284    13.9      -3     17.326       0   999.9
   2004   285    24.1    12.7     17.409       0   999.9
   2004   286    30.8    11.9     16.991       0   999.9
   2004   287    20.6     0.7     15.861       0   999.9
   2004   288    16.8    -0.7      8.830       0   999.9
   2004   289    13.4     2.1     18.121       0   999.9
   2004   290    25.7    12.2     16.698       0   999.9
   2004   291    23.7       4     13.141       0   999.9
   2004   292    22.2       3     12.220       0   999.9
   2004   293    24.1     8.7      9.835       0   999.9
   2004   294    31.8     9.3     15.610       0   999.9
   2004   295    30.3     3.4     13.141       0   999.9
   2004   296    16.1     7.3     15.066     3.3   999.9
   2004   297    33.8    12.8     14.354     3.1   999.9
   2004   298    23.2     4.1     11.843       0   999.9
   2004   299    18.7     3.6     13.183       0   999.9
   2004   300    19.6     0.2     13.266       0   999.9
   2004   301    16.8     6.7     12.011       0   999.9
   2004   302    11.7    -7.6     15.568       0   999.9
   2004   303    12.4    -4.4     14.229       0   999.9
   2004   304    26.6     6.2     10.128       0   999.9
   2004   305    20.7     3.3     11.299       0   999.9
   2004   306    18.3     0.1     10.169     4.9   999.9
   2004   307     4.6    -3.4     11.341       0   999.9
   2004   308     8.8    -2.5     10.672       0   999.9
   2004   309    15.7       3     13.392       0   999.9
   2004   310    24.9     2.2     11.132       0   999.9
   2004   311    17.5    -0.1     13.141    24.8   999.9
   2004   312     7.2    -4.9     13.015       0   999.9
   2004   313     6.3    -5.9      7.491       0   999.9
   2004   314    25.8     3.5      9.667       0   999.9
   2004   315     5.1   -10.7     12.639     3.5   999.9
   2004   316    13.2     2.5     11.258       0   999.9
   2004   317    21.2       0     12.597       0   999.9
   2004   318     5.9    -9.1      8.496       0   999.9
   2004   319    15.7    -4.2     12.178       0   999.9
   2004   320     7.7    -6.2     12.053       0   999.9
   2004   321      18     1.9     10.128       0   999.9
   2004   322    15.8    -4.2     11.885       0   999.9
   2004   323    11.8    -2.8     13.057       0   999.9
   2004   324     7.1    -1.2     10.881       0   999.9
   2004   325    23.3     1.8     11.592     2.4   999.9
   2004   326    22.8     6.2     11.592       0   999.9
   2004   327    10.9    -3.3     11.425       0   999.9
   2004   328     3.8    -6.7      6.487       0   999.9
   2004   329    11.3   -10.8     11.258     0.5   999.9
   2004   330    17.9    -6.4     11.174       0   999.9
   2004   331    18.6    -6.9      8.328       0   999.9
   2004   332    16.4     2.7     11.006       0   999.9
   2004   333      18     8.1     10.965       0   999.9
   2004   334    15.2    -5.9      9.123       0   999.9
   2004   335      -6    -8.4      9.667       0   999.9
   2004   336    12.7    -8.6      8.537     0.3   999.9
   2004   337    16.3   -11.5      8.161     0.4   999.9
   2004   338     8.8    -6.5      7.826     5.1   999.9
   2004   339    -1.2    -8.3     10.588     0.8   999.9
   2004   340    -0.6    -9.8     11.048       0   999.9
   2004   341     8.9    -7.1      9.374       0   999.9
   2004   342     8.9     -10     10.462       0   999.9
   2004   343      15    -0.6      2.511       0   999.9
   2004   344     8.5    -5.2      6.445       0   999.9
   2004   345    -1.2   -22.4      9.877       0   999.9
   2004   346      13   -11.3     10.672       0   999.9
   2004   347     7.7    -6.8      9.667       0   999.9
   2004   348     3.3    -3.5      7.617       0   999.9
   2004   349    15.6    -5.4     10.881       0   999.9
   2004   350     9.4    -5.6      7.073       0   999.9
   2004   351       9    -2.6      9.751       0   999.9
   2004   352    16.6    -1.3     10.253       0   999.9
   2004   353     5.7      -6      9.040       0   999.9
   2004   354    17.6    -2.2      8.496       0   999.9
   2004   355    10.1      -5      6.822       0   999.9
   2004   356    -4.2    -9.5      7.240       0   999.9
   2004   357     3.2    -5.6     10.630       0   999.9
   2004   358     9.8      -2      8.454       0   999.9
   2004   359     5.8    -6.3      9.584       0   999.9
   2004   360     1.6   -15.9     10.295       0   999.9
   2004   361     6.2      -8      9.374       0   999.9
   2004   362    19.3     0.3     10.337       0   999.9
   2004   363    12.9    -3.3      9.918       0   999.9
   2004   364     4.5   -10.4     10.588     8.6   999.9
   2004   365     6.3   -13.2     10.588     4.9   999.9
   2005     1   -11.4   -12.4     10.462     0.3   999.9
   2005     2     7.7    -9.7      9.751     6.6   999.9
   2005     3    -1.3   -14.8      7.198       0   999.9
   2005     4     8.4    -9.1      8.496       0   999.9
   2005     5    14.2    -0.8      8.579       0   999.9
   2005     6    13.2    -6.1      6.738       0   999.9
   2005     7    -1.8    -8.4     10.755       0   999.9
   2005     8     1.9     -11      9.040       0   999.9
   2005     9    16.4      -8     10.881       0   999.9
   2005    10     4.8     -12     10.923       0   999.9
   2005    11     8.7    -6.2     10.128       0   999.9
   2005    12     5.5      -6      9.877       0   999.9
   2005    13    13.7    -6.5     11.006       0   999.9
   2005    14    12.9    -9.4     10.923       0   999.9
   2005    15     8.8    -5.4      8.788       0   999.9
   2005    16    18.6    -1.2      8.035       0   999.9
   2005    17    -4.8    -9.1     10.923       0   999.9
   2005    18    -6.2   -14.8     11.592       0   999.9
   2005    19     6.9    -9.6     11.969       0   999.9
   2005    20    13.1    -4.5      8.872       0   999.9
   2005    21    -0.8   -17.5     10.923       0   999.9
   2005    22     7.8    -8.3      9.751       0   999.9
   2005    23    -3.2   -14.2      7.533       0   999.9
   2005    24     7.6    -1.3     10.881       0   999.9
   2005    25     0.5    -6.4     11.760      13   999.9
   2005    26     9.1    -8.8      9.793       0   999.9
   2005    27    16.8    -1.6     12.262       0   999.9
   2005    28    -5.1      -9     12.806     3.8   999.9
   2005    29    13.4    -6.2     12.722     6.2   999.9
   2005    30     0.6    -3.6      5.859       0   999.9
   2005    31    26.7     8.1     12.973     3.1   999.9
   2005    32    -0.4    -6.5      9.877       0   999.9
   2005    33     3.4    -3.5      9.458       0   999.9
   2005    34     5.7    -7.1      9.416       0   999.9
   2005    35       1    -4.7     13.517       0   999.9
   2005    36    15.3     2.5     13.643       0   999.9
   2005    37    -1.9     -17     11.885       0   999.9
   2005    38     9.3    -7.7     11.551       0   999.9
   2005    39     3.6   -10.6     14.731       0   999.9
   2005    40     9.6   -12.8     13.727       0   999.9
   2005    41    -0.4   -12.7      5.985       0   999.9
   2005    42      17    -0.5     14.522       0   999.9
   2005    43    16.5     4.5     12.136       0   999.9
   2005    44    18.4     3.6     13.392       0   999.9
   2005    45       2    -5.2     15.024       0   999.9
   2005    46    16.4    -7.7     11.885       0   999.9
   2005    47     8.6    -8.1     12.932       0   999.9
   2005    48    23.3    -2.1     11.383       0   999.9
   2005    49    -5.6   -16.5      8.203       0   999.9
   2005    50    14.4    -9.1     14.899       0   999.9
   2005    51     2.7   -10.3     14.354       0   999.9
   2005    52    21.9     1.8     15.443       0   999.9
   2005    53    15.9    -5.9     14.354     1.8   999.9
   2005    54     1.7      -7     11.006       0   999.9
   2005    55     4.2     -10     17.368       0   999.9
   2005    56    23.7    -2.2     13.434       0   999.9
   2005    57    -2.5    -3.2     14.773       0   999.9
   2005    58    10.9    -1.6     18.749       0   999.9
   2005    59    16.9    -5.5      9.877    13.7   999.9
   2005    60    16.7   -10.2     12.429       0   999.9
   2005    61    12.8    -3.4     16.238       0   999.9
   2005    62     9.6    -2.7     18.163       0   999.9
   2005    63    -0.5    -8.6      7.114       0   999.9
   2005    64    13.4    -0.6     11.551       0   999.9
   2005    65    24.8     4.8     18.372       0   999.9
   2005    66    23.4     3.7     18.539       0   999.9
   2005    67    17.3    -4.2     18.330       0   999.9
   2005    68    20.2     2.7     14.187       0   999.9
   2005    69    12.6     6.7     12.178     1.6   999.9
   2005    70    15.5    -7.8     18.037     1.9   999.9
   2005    71      20     1.1     19.251       0   999.9
   2005    72    23.9    -0.6     11.258       0   999.9
   2005    73    11.4    -2.3     18.205     2.5   999.9
   2005    74    10.6    -6.2     20.465       0   999.9
   2005    75    21.6    -3.7     17.912       0   999.9
   2005    76    20.9     2.2     15.819       0   999.9
   2005    77     9.7    -9.2     18.037       0   999.9
   2005    78    13.3     0.7     20.548       0   999.9
   2005    79    14.8     1.1     20.925       0   999.9
   2005    80     4.5   -16.8     16.865       0   999.9
   2005    81     0.5    -3.8     23.310       0   999.9
   2005    82    16.5    -0.1     11.927       0   999.9
   2005    83     7.6    -4.7     21.260       0   999.9
   2005    84    29.4     5.1     20.423       0   999.9
   2005    85      30     1.3     22.390       0   999.9
   2005    86    15.8     8.7     19.837       0   999.9
   2005    87    11.1    -0.3     17.954       0   999.9
   2005    88     8.9    -3.8     14.773       0   999.9
   2005    89     9.8    -3.3     17.995       0   999.9
   2005    90    21.4     5.8     16.028       0   999.9
   2005    91     4.1   -12.2     16.531       0   999.9
   2005    92     9.8    -5.1     12.722       0   999.9
   2005    93    11.1    -0.5     22.264       0   999.9
   2005    94      22     6.1     11.425       0   999.9
   2005    95    16.8     1.1     23.561       0   999.9
   2005    96      20     0.7     14.313       0   999.9
   2005    97    22.9     6.5     25.738       0   999.9
   2005    98    16.3     1.6     24.273       0   999.9
   2005    99    15.5    -3.2     22.766       0   999.9
   2005   100    11.6    -0.3     22.306       0   999.9
   2005   101    16.2     5.1     22.348     0.6   999.9
   2005   102    11.7       0     22.222       0   999.9
   2005   103    26.5     6.1     20.255       0   999.9
   2005   104    17.5     0.6     13.517       0   999.9
   2005   105    16.1     0.2     21.636     5.8   999.9
   2005   106    15.5     1.7     15.903       0   999.9
   2005   107    21.4     1.8     27.328       0   999.9
   2005   108      22     6.3     23.561       0   999.9
   2005   109    27.8     8.1     24.482       0   999.9
   2005   110    26.9     3.6     11.676       0   999.9
   2005   111    24.8     9.5     26.575       0   999.9
   2005   112    31.2      12     20.046       0   999.9
   2005   113      27    12.5     16.447       0   999.9
   2005   114     9.6    -2.8     27.914       0   999.9
   2005   115    15.4     1.3     26.826       0   999.9
   2005   116    21.3    -0.4     22.306       0   999.9
   2005   117    23.5    10.6     19.251     6.5   999.9
   2005   118    18.9     4.3     27.914       0   999.9
   2005   119    33.3    11.2     27.370       0   999.9
   2005   120    24.6     7.9     20.088       0   999.9
   2005   121    24.1       9     24.105       0   999.9
   2005   122    18.2     7.1     20.883       0   999.9
   2005   123    22.8     4.3     30.090    36.3   999.9
   2005   124    20.4    10.4     20.465       0   999.9
   2005   125    23.5     8.6     21.218    40.1   999.9
   2005   126    30.5     9.6     26.826       0   999.9
   2005   127    17.8     7.3     25.696       0   999.9
   2005   128      25    11.9     28.416       0   999.9
   2005   129    23.5     8.4     20.716       0   999.9
   2005   130    30.5    12.7     23.436       0   999.9
   2005   131      29     6.5     27.537       0   999.9
   2005   132    25.5     9.7     28.290       0   999.9
   2005   133    26.6     6.4     24.733       0   999.9
   2005   134    20.9       5     13.350       0   999.9
   2005   135    31.1    14.5     27.412       7   999.9
   2005   136    10.9     0.4     23.352     6.5   999.9
   2005   137    28.6    14.2     26.156       0   999.9
   2005   138    35.6    18.7     20.841       0   999.9
   2005   139    30.2    14.8     21.302       0   999.9
   2005   140    20.3       5     20.506       0   999.9
   2005   141    27.2    13.9     18.079       0   999.9
   2005   142    36.2    18.9     21.594       0   999.9
   2005   143    17.1     3.4     28.834       0   999.9
   2005   144    25.3     9.7     23.938     4.5   999.9
   2005   145    24.6     9.9     29.923       0   999.9
   2005   146    29.7    10.6     31.597       0   999.9
   2005   147      28    13.9     18.498       0   999.9
   2005   148      22       4     15.945       0   999.9
   2005   149      31    15.5     25.152       0   999.9
   2005   150    23.4    10.2     15.150       0   999.9
   2005   151    31.5    17.3     29.630       3   999.9
   2005   152    30.8    14.1     14.062       0   999.9
   2005   153    20.4      11     21.887       0   999.9
   2005   154    32.3    12.1     27.035       0   999.9
   2005   155    34.7     9.2     26.993       0   999.9
   2005   156    25.7    11.3     23.729    10.1   999.9
   2005   157    25.5    14.1     31.304    46.7   999.9
   2005   158    28.7    11.8     23.645     1.9   999.9
   2005   159    31.6    13.4     25.905       0   999.9
   2005   160    27.6      12     29.379       0   999.9
   2005   161      32      19     14.564       0   999.9
   2005   162    41.3    23.4     23.938       0   999.9
   2005   163    42.7    23.6     17.200       0   999.9
   2005   164    15.3     5.8     23.645       0   999.9
   2005   165    31.3    11.1     29.546       0   999.9
   2005   166    25.1    17.8     22.390       0   999.9
   2005   167    30.7    17.3     30.760     0.3   999.9
   2005   168    30.8    19.5     28.876    16.5   999.9
   2005   169    34.7    22.4     23.771       0   999.9
   2005   170    29.4    16.7     23.729       0   999.9
   2005   171      34    14.7     21.594       0   999.9
   2005   172    18.4    10.1     34.233       0   999.9
   2005   173    26.4    12.3     18.791       0   999.9
   2005   174    33.8    18.5     27.997    10.9   999.9
   2005   175    36.6    18.1     29.127       0   999.9
   2005   176    35.8    16.2     30.927       0   999.9
   2005   177    30.9    10.5     25.654       0   999.9
   2005   178    30.9      15     18.121       0   999.9
   2005   179    35.2    17.7     31.262       0   999.9
   2005   180    37.6    15.5     29.337       0   999.9
   2005   181    30.7      14     30.676       0   999.9
   2005   182    31.7    14.7     19.920       0   999.9
   2005   183    29.4    12.7     28.793       0   999.9
   2005   184    29.8    17.1     18.665     3.7   999.9
   2005   185    28.6    13.5     25.277       0   999.9
   2005   186      37      21     22.934       0   999.9
   2005   187    44.7    24.1     19.460       0   999.9
   2005   188    36.8    17.7     17.409       0   999.9
   2005   189    28.8    15.8     18.665       0   999.9
   2005   190    28.6    16.6     26.449       0   999.9
   2005   191    34.8    19.7     29.923       0   999.9
   2005   192    36.2    17.7     23.185       0   999.9
   2005   193    35.2    19.7     30.216       0   999.9
   2005   194    34.2    15.7     26.616       0   999.9
   2005   195    31.1    16.3     28.165       0   999.9
   2005   196    38.5    22.3     30.801       0   999.9
   2005   197    33.3    18.6     32.308       0   999.9
   2005   198    31.8    18.7     16.405       0   999.9
   2005   199    39.3    20.6     29.420       0   999.9
   2005   200    31.9    12.6     23.101       0   999.9
   2005   201    36.5    21.2     28.081       0   999.9
   2005   202    43.8    24.9     29.630       0   999.9
   2005   203    31.4    19.9     26.491       0   999.9
   2005   204    33.9    14.5     31.220       0   999.9
   2005   205    41.7    19.6     28.500       0   999.9
   2005   206    32.7    16.4     29.755       0   999.9
   2005   207    33.4    15.3     26.658       0   999.9
   2005   208    26.1    16.6     31.555       0   999.9
   2005   209    30.9    17.9     29.044       0   999.9
   2005   210    28.7    15.8     21.469       0   999.9
   2005   211    36.5    16.9     31.094       0   999.9
   2005   212      33    15.3     27.286       0   999.9
   2005   213    34.5    20.3     28.667       0   999.9
   2005   214    35.8    19.4     26.993       0   999.9
   2005   215    29.1    15.2     28.458       0   999.9
   2005   216    38.3    19.9     21.846       0   999.9
   2005   217    34.5    22.8     23.771     0.3   999.9
   2005   218    37.2    16.8     28.123       0   999.9
   2005   219    23.4    16.1     12.513       0   999.9
   2005   220    33.8      18     18.874       0   999.9
   2005   221    24.7    12.7     17.870       0   999.9
   2005   222    35.2    17.3     17.786       0   999.9
   2005   223    24.3    12.9     24.147       0   999.9
   2005   224    37.2    19.8     27.370       0   999.9
   2005   225    26.5    11.7     27.244       0   999.9
   2005   226    28.4    14.4     23.394    12.9   999.9
   2005   227    36.5    19.3     23.813      10   999.9
   2005   228    39.8    22.1     28.876    24.4   999.9
   2005   229    35.3      17     29.420       0   999.9
   2005   230    38.7    13.8     23.478       0   999.9
   2005   231    34.9      19     15.526       0   999.9
   2005   232    30.7    15.4     26.282       0   999.9
   2005   233    34.1    17.5     18.121       0   999.9
   2005   234    34.5    17.4     16.405       0   999.9
   2005   235    34.6    16.6     26.031       0   999.9
   2005   236    39.6    16.2     19.753     2.5   999.9
   2005   237    28.8    12.7     19.000       0   999.9
   2005   238    40.6    20.4     19.418       0   999.9
   2005   239    41.5      24     15.443       0   999.9
   2005   240    32.3    15.9     19.502       0   999.9
   2005   241    28.4    13.4     24.942       0   999.9
   2005   242    31.2    13.9     23.603       0   999.9
   2005   243    30.9     9.3     20.046       0   999.9
   2005   244    32.3      16     16.698       0   999.9
   2005   245    26.1     8.6     24.273       0   999.9
   2005   246    35.7    18.5     23.352       0   999.9
   2005   247    35.2    15.5     22.348       0   999.9
   2005   248    29.7    16.2     23.771       0   999.9
   2005   249    32.9    13.1     21.846       0   999.9
   2005   250    25.1     9.5     20.757       0   999.9
   2005   251    31.4    11.4     16.028    24.9   999.9
   2005   252    32.5    17.6     21.720       0   999.9
   2005   253    32.8    21.1     19.837       0   999.9
   2005   254    28.8    15.8     22.766       0   999.9
   2005   255    27.6    14.6     11.090     7.5   999.9
   2005   256    37.2    24.2     22.390       0   999.9
   2005   257    29.7    12.6     19.920       0   999.9
   2005   258    40.4    18.5     21.218       0   999.9
   2005   259    21.8       2     21.846     7.5   999.9
   2005   260    37.8    18.2     22.180       0   999.9
   2005   261    26.3    10.8     17.409       0   999.9
   2005   262    20.9       9     15.066       0   999.9
   2005   263    24.2     4.4     22.683       0   999.9
   2005   264    32.1    16.9     21.176       0   999.9
   2005   265    19.8     5.7     16.907       0   999.9
   2005   266    27.4     8.4     20.757       0   999.9
   2005   267    31.3    13.2     11.467    11.3   999.9
   2005   268    34.4    11.5     16.698       0   999.9
   2005   269    15.1     1.4     22.180       0   999.9
   2005   270    34.5    15.7      8.956       0   999.9
   2005   271    21.1       6     19.669       0   999.9
   2005   272    28.6     6.4     19.502       0   999.9
   2005   273    23.9    11.9     15.987       0   999.9
   2005   274    29.3    15.1     19.125       0   999.9
   2005   275    22.1     6.9     18.958       0   999.9
   2005   276    29.3    12.9     15.150       0   999.9
   2005   277    24.5     8.6     13.978       0   999.9
   2005   278    26.8    15.1     12.262       0   999.9
   2005   279    31.5     9.6     15.484       0   999.9
   2005   280    20.9     4.3     11.132    15.9   999.9
   2005   281      25     6.1     16.656       0   999.9
   2005   282    14.9    -0.3     16.614       0   999.9
   2005   283    34.3      13     17.242       0   999.9
   2005   284    28.1    14.3     18.330       0   999.9
   2005   285    16.3     0.6     15.024     3.5   999.9
   2005   286    25.3     1.7     11.467     3.7   999.9
   2005   287    20.9     2.1     16.782     3.8   999.9
   2005   288     6.3    -0.4      9.709       0   999.9
   2005   289    27.8     8.2     14.647       0   999.9
   2005   290    20.8     4.1     16.280    14.1   999.9
   2005   291    27.1      13     16.740       0   999.9
   2005   292    26.2     4.3     14.229       0   999.9
   2005   293    23.2     4.1     11.760       0   999.9
   2005   294    21.4     2.9     12.639       0   999.9
   2005   295      26     7.9     11.676       0   999.9
   2005   296    27.7       3     15.317    48.5   999.9
   2005   297    25.4    -3.3     16.656    33.9   999.9
   2005   298    19.2    -2.5     14.982     6.4   999.9
   2005   299    12.8    -2.7     15.150    11.7   999.9
   2005   300    11.8    -1.7     14.689     2.2   999.9
   2005   301    13.6    -2.2     16.070       0   999.9
   2005   302    20.7       0     14.354       0   999.9
   2005   303    31.8     3.7     14.271       0   999.9
   2005   304      12      -4     14.062       0   999.9
   2005   305    23.4     7.8      7.868       0   999.9
   2005   306    13.6    -0.3     11.132       0   999.9
   2005   307    14.4    -2.6     14.145       0   999.9
   2005   308    17.4    -6.7     13.517       0   999.9
   2005   309     8.9    -6.3     14.606       0   999.9
   2005   310    11.1    -4.7     13.266       0   999.9
   2005   311     8.4      -1     14.187       0   999.9
   2005   312    19.3    -0.9      7.282       0   999.9
   2005   313    17.6     0.6     11.802     1.9   999.9
   2005   314     6.9      -2      9.793       0   999.9
   2005   315    11.8    -2.4     12.639       0   999.9
   2005   316      18    -3.1     13.685       0   999.9
   2005   317    20.5       4     12.136       0   999.9
   2005   318    12.2    -0.6     12.304       0   999.9
   2005   319    15.4    -4.8     12.178       0   999.9
   2005   320     5.4    -9.1     11.425       0   999.9
   2005   321     9.6    -8.8     12.555       0   999.9
   2005   322    12.2     1.5     11.885       0   999.9
   2005   323    -1.8   -13.7     11.802       0   999.9
   2005   324    22.8     0.4     11.676       0   999.9
   2005   325    12.7    -1.8      6.194       0   999.9
   2005   326    19.4    -3.6     12.429    17.9   999.9
   2005   327    16.4     0.4     11.425       0   999.9
   2005   328    12.7    -3.3      5.901       0   999.9
   2005   329    13.3    -0.4     11.258       0   999.9
   2005   330     4.2   -15.7     11.174     9.9   999.9
   2005   331    23.7    -4.4      5.064       0   999.9
   2005   332     3.1   -12.1     11.006       0   999.9
   2005   333    21.7     0.7     10.965       0   999.9
   2005   334    20.1    -4.4     11.467       0   999.9
   2005   335    15.9    -1.6      9.291       0   999.9
   2005   336     9.4    -7.8     10.755       0   999.9
   2005   337     7.8      -9     10.714       0   999.9
   2005   338    16.5    -4.9      6.319       0   999.9
   2005   339    -8.5   -14.1      9.123       0   999.9
   2005   340    17.5    -0.9     10.546       0   999.9
   2005   341     9.8    -4.7     10.504       0   999.9
   2005   342    26.8     2.5     11.048       0   999.9
   2005   343    10.3    -4.9     10.295       7   999.9
   2005   344     2.6    -8.2     10.546       0   999.9
   2005   345    20.6    -1.5      8.412       0   999.9
   2005   346    18.5   -10.7      7.282       0   999.9
   2005   347    13.4    -0.5      8.370       0   999.9
   2005   348    11.3    -7.3      5.608       0   999.9
   2005   349    15.5      -3      7.366       0   999.9
   2005   350    15.9    -7.9      5.733       0   999.9
   2005   351    14.3    -1.2      6.654       0   999.9
   2005   352    22.2       3      7.324       0   999.9
   2005   353    10.3    -5.4     10.253       0   999.9
   2005   354    11.8      -4      8.998       0   999.9
   2005   355     8.9    -9.3      7.031       0   999.9
   2005   356    11.7   -11.7     10.253       0   999.9
   2005   357    -6.6   -12.6     10.253       0   999.9
   2005   358     9.7    -9.3      9.877       0   999.9
   2005   359    -1.6   -14.3     10.295       0   999.9
   2005   360    16.5    -1.3      8.119       0   999.9
   2005   361     4.3    -7.5     10.295       0   999.9
   2005   362    12.1   -10.7      9.500       0   999.9
   2005   363      -2    -5.1      7.993       0   999.9
   2005   364     8.2     0.1     10.379       0   999.9
   2005   365    -2.4    -9.5      8.998       0   999.9
   2006     1    15.5    -3.3     10.462       0   999.9
   2006     2    18.7      -8     10.504       0   999.9
   2006     3     3.4   -10.6     10.379       0   999.9
   2006     4    14.5    -5.9      8.328       0   999.9
   2006     5     2.2     -15     11.760       0   999.9
   2006     6    22.3    -3.9      8.328       0   999.9
   2006     7     7.5    -5.7     10.755       0   999.9
   2006     8    15.1    -8.2      9.542       0   999.9
   2006     9     4.4    -9.7     10.881       0   999.9
   2006    10    -4.9   -12.4      3.348       0   999.9
   2006    11     1.6    -4.4     12.178     1.4   999.9
   2006    12     2.4    -6.5      8.914       0   999.9
   2006    13      10   -11.2      9.500       0   999.9
   2006    14     3.3   -10.7      8.830       0   999.9
   2006    15     3.9   -13.1     11.174       0   999.9
   2006    16     3.2    -3.5      5.901       0   999.9
   2006    17   -13.2   -20.3     11.467       0   999.9
   2006    18     3.9    -8.1     10.253       0   999.9
   2006    19    -9.1   -14.2     10.588       0   999.9
   2006    20     3.2    -9.6     12.346    12.2   999.9
   2006    21    12.2   -12.3     10.002       0   999.9
   2006    22    -1.7    -4.6     11.425       0   999.9
   2006    23     4.9    -8.5      9.207       0   999.9
   2006    24    15.4    -3.5      9.625       0   999.9
   2006    25    -6.3    -9.9      7.282       0   999.9
   2006    26       4      -4      8.579       0   999.9
   2006    27    14.4     1.7     11.592       0   999.9
   2006    28     1.9   -18.4      6.403       0   999.9
   2006    29    14.2    -2.6     13.392       0   999.9
   2006    30     7.7   -17.2     12.471       0   999.9
   2006    31     6.9    -5.9     12.973       0   999.9
   2006    32    -2.7   -10.3     13.099       0   999.9
   2006    33     9.7    -2.4     13.225       0   999.9
   2006    34    15.2    -4.2     10.755       0   999.9
   2006    35    17.6    -5.6     12.388       0   999.9
   2006    36    15.9    -5.3     14.522       0   999.9
   2006    37    15.1    -6.3     13.266       0   999.9
   2006    38    -1.9   -14.2     13.685       0   999.9
   2006    39    12.2   -11.8     11.676       0   999.9
   2006    40    10.7    -6.2     14.187       0   999.9
   2006    41    24.4    -4.3     13.769       0   999.9
   2006    42    13.6    -2.9     12.555       0   999.9
   2006    43     5.3    -9.8     14.313       0   999.9
   2006    44    16.9    -8.9     11.760       0   999.9
   2006    45     1.1       1     16.447       0   999.9
   2006    46    16.1     3.2     13.517       0   999.9
   2006    47    11.3    -3.2     10.546       0   999.9
   2006    48     4.7    -6.5     15.443       0   999.9
   2006    49     8.6     -14      9.040       0   999.9
   2006    50    -1.8    -9.4     16.363       0   999.9
   2006    51    12.3    -9.4      6.110       0   999.9
   2006    52    10.4    -7.4     12.848       0   999.9
   2006    53     9.3    -9.3     13.350       0   999.9
   2006    54    11.2    -3.1     10.337       0   999.9
   2006    55    20.3    -3.4     11.048       0   999.9
   2006    56     8.2     2.1     11.341       0   999.9
   2006    57     4.9    -6.2     16.949       0   999.9
   2006    58    11.9    -1.2     15.443       0   999.9
   2006    59    14.7    -6.9     13.601       0   999.9
   2006    60       1      -3     17.493       0   999.9
   2006    61    25.3       2     15.861       0   999.9
   2006    62    14.9    -2.3     17.828     4.1   999.9
   2006    63      12    -2.4     17.995     1.2   999.9
   2006    64      22     3.3      6.277    15.9   999.9
   2006    65    15.4    -3.3     18.958       0   999.9
   2006    66     3.5   -12.5     15.777       0   999.9
   2006    67     9.9    -4.3     18.749       0   999.9
   2006    68    12.1     1.2     16.196       0   999.9
   2006    69     7.8   -15.9     20.423       0   999.9
   2006    70     9.6    -7.1     19.293       0   999.9
   2006    71    14.4     4.3     18.707       0   999.9
   2006    72      17    -2.5     11.634       0   999.9
   2006    73    22.7     3.6     12.513       0   999.9
   2006    74     5.9      -1     19.083       0   999.9
   2006    75    25.3    -0.3     17.870       0   999.9
   2006    76    12.6     2.2     16.196       0   999.9
   2006    77    22.4     1.2     17.954       0   999.9
   2006    78     0.8   -17.6     11.551       0   999.9
   2006    79    19.7    -7.6     17.577       0   999.9
   2006    80    11.2    -8.4     22.934       0   999.9
   2006    81    10.6      -6     18.456       0   999.9
   2006    82    11.8    -0.8     19.544       0   999.9
   2006    83    26.5     1.4     21.929       0   999.9
   2006    84    -0.1    -0.6     21.846       0   999.9
   2006    85    16.1     0.3     19.042       0   999.9
   2006    86    17.5    -3.5     12.555       8   999.9
   2006    87    12.7    -6.4     16.824       0   999.9
   2006    88    13.2     0.7     15.066       0   999.9
   2006    89    14.2    -2.9     22.724       0   999.9
   2006    90    25.3    -0.4     17.577       0   999.9
   2006    91    28.6    -2.5     13.936       0   999.9
   2006    92    12.7    -2.2     23.645       0   999.9
   2006    93    21.4     7.7     16.154       0   999.9
   2006    94    17.9     2.9     23.017       0   999.9
   2006    95    31.5     7.5     23.268       0   999.9
   2006    96    17.5    -0.6     21.385       0   999.9
   2006    97    20.5     3.3     19.251       0   999.9
   2006    98    13.2    -0.5     25.277       0   999.9
   2006    99    10.6    -2.4     24.440       0   999.9
   2006   100    18.8     7.6     24.189       0   999.9
   2006   101    18.5     1.5     22.766       0   999.9
   2006   102    18.9    -0.2     18.456       0   999.9
   2006   103    30.7     6.2     17.786       0   999.9
   2006   104    13.7    -4.4     16.740     6.4   999.9
   2006   105      29    10.8     15.903    18.6   999.9
   2006   106    14.8    -4.2     16.824       0   999.9
   2006   107    29.2    11.5     20.925       0   999.9
   2006   108    19.1     3.6     26.826       0   999.9
   2006   109    22.1       8     24.231       0   999.9
   2006   110    26.8     8.3     20.004       0   999.9
   2006   111    25.2    13.7     26.282       0   999.9
   2006   112    19.6     6.8     26.407       0   999.9
   2006   113    20.3     7.5     21.804       0   999.9
   2006   114    28.9     9.2     19.000       0   999.9
   2006   115    11.8     2.9     29.379       0   999.9
   2006   116    24.7       5     24.859       0   999.9
   2006   117    12.5     0.3     27.119       0   999.9
   2006   118    30.4    10.7     24.691       0   999.9
   2006   119    36.5    17.3     13.643       0   999.9
   2006   120    17.9    -3.9     19.502       0   999.9
   2006   121    24.6     8.2     18.330       0   999.9
   2006   122    25.6     7.4     30.006       0   999.9
   2006   123    24.5       4     14.313       0   999.9
   2006   124    25.4     2.6     19.586       0   999.9
   2006   125    37.1    12.5     17.954       0   999.9
   2006   126      30     7.8     30.090       0   999.9
   2006   127    18.5     1.3     22.264       0   999.9
   2006   128    20.2     8.3     15.233       0   999.9
   2006   129      14     2.6     24.315     5.8   999.9
   2006   130      18     5.7     19.167       0   999.9
   2006   131    28.1     9.3     23.687       0   999.9
   2006   132    18.6     9.4     20.213       0   999.9
   2006   133    21.5     2.7     16.656     3.9   999.9
   2006   134    22.4     6.6     31.053       0   999.9
   2006   135    30.8    15.2      9.667       0   999.9
   2006   136    22.2     9.4     25.445       0   999.9
   2006   137    21.9     3.2     29.295       0   999.9
   2006   138    22.6       7     24.398       0   999.9
   2006   139    17.8     7.6     31.973       0   999.9
   2006   140    28.5    11.9     24.315    26.1   999.9
   2006   141    20.5    10.9     14.522       8   999.9
   2006   142    27.9    10.2     17.995       0   999.9
   2006   143      34      17     29.504       0   999.9
   2006   144    23.9    12.8     25.110       0   999.9
   2006   145    24.3      12     18.916     7.1   999.9
   2006   146    37.7    19.1     16.070     3.2   999.9
   2006   147    32.1    15.9     18.037    25.4   999.9
   2006   148    32.2    16.4     26.826     2.3   999.9
   2006   149    41.5    19.2     21.343       0   999.9
   2006   150    27.8    17.4     23.310       0   999.9
   2006   151    32.1    14.2     30.257       0   999.9
   2006   152    33.8    17.8     15.945       0   999.9
   2006   153    21.5      12     21.176    29.6   999.9
   2006   154    37.1    18.2     28.374     9.2   999.9
   2006   155      29     5.8     23.478     1.7   999.9
   2006   156    27.2      11     28.709       0   999.9
   2006   157    25.3    10.8     22.139       0   999.9
   2006   158    27.1    16.4     30.592       0   999.9
   2006   159    25.4      14     30.592       0   999.9
   2006   160    32.5      15     27.746       0   999.9
   2006   161    38.3    17.3     27.537       0   999.9
   2006   162    43.6    21.4     18.791       0   999.9
   2006   163    23.3      15     21.385       0   999.9
   2006   164    25.4    13.5     32.434    25.2   999.9
   2006   165      32    14.7     31.136       0   999.9
   2006   166      33    18.7     10.839       0   999.9
   2006   167    28.4    14.8     19.879       0   999.9
   2006   168      38      19     23.394       0   999.9
   2006   169    29.4      16     30.801       0   999.9
   2006   170    22.9      10     28.332       0   999.9
   2006   171    33.7    13.6     28.667       0   999.9
   2006   172    37.5    21.1     27.663     3.7   999.9
   2006   173    31.7      15     23.603     0.8   999.9
   2006   174    34.1    19.3     27.453       0   999.9
   2006   175      34    15.9     30.801       0   999.9
   2006   176    26.5    10.7     30.760       0   999.9
   2006   177    34.9    13.4     18.539     1.3   999.9
   2006   178    37.8    21.2     30.760       0   999.9
   2006   179    32.2      16     25.277     7.2   999.9
   2006   180    32.2    13.6     27.077       0   999.9
   2006   181    31.5    14.8     22.473       0   999.9
   2006   182      35    12.2     23.268     2.5   999.9
   2006   183    32.6    17.9     22.180       0   999.9
   2006   184    37.3    18.2     30.174       0   999.9
   2006   185    27.7    18.6     16.405       0   999.9
   2006   186    31.6    17.8     30.508       0   999.9
   2006   187    28.4    16.5     26.742       0   999.9
   2006   188      38    18.6     31.011       0   999.9
   2006   189    36.5    19.6     26.072     9.9   999.9
   2006   190    34.2    17.4     31.345       0   999.9
   2006   191    41.6    19.8     30.341       0   999.9
   2006   192    32.7      17     24.273       0   999.9
   2006   193      33    19.2     22.139       0   999.9
   2006   194    37.2    21.7     33.480       0   999.9
   2006   195    34.6    17.7     32.099       0   999.9
   2006   196    33.6    15.5     23.603     5.8   999.9
   2006   197    36.8    17.2     22.180       0   999.9
   2006   198    39.2    20.6     32.308       0   999.9
   2006   199    34.7    19.8     29.839       0   999.9
   2006   200    37.2    18.5     26.533     9.2   999.9
   2006   201    32.6    16.6     29.713       0   999.9
   2006   202    31.4    17.2     26.449       0   999.9
   2006   203    39.4    20.2     23.938       0   999.9
   2006   204      30    14.1     32.099    41.5   999.9
   2006   205    33.5    14.6      8.872       0   999.9
   2006   206    38.7    18.7     22.641       0   999.9
   2006   207    34.8    13.2     22.013       0   999.9
   2006   208    25.5    17.7     17.535       0   999.9
   2006   209      31    17.1     21.050       0   999.9
   2006   210    34.6    19.7     28.960       0   999.9
   2006   211      37    21.2     24.566       0   999.9
   2006   212    27.3      16     21.678       0   999.9
   2006   213    36.8    20.8     25.528       0   999.9
   2006   214    29.7    12.2     22.599       0   999.9
   2006   215    33.7    18.8     29.253       0   999.9
   2006   216    30.9    17.2     28.332       0   999.9
   2006   217    28.4      15     26.282       0   999.9
   2006   218    33.2    13.9     28.123       0   999.9
   2006   219    36.9    14.5     27.997       0   999.9
   2006   220    29.9    16.7     21.887     3.2   999.9
   2006   221      31    17.5     27.746     6.2   999.9
   2006   222    34.1    18.8      6.403    16.4   999.9
   2006   223    40.3    21.6     25.863       0   999.9
   2006   224    33.4    17.7     16.112       0   999.9
   2006   225    31.5    15.9     18.581       0   999.9
   2006   226    40.6      21     21.134    50.6   999.9
   2006   227    33.7    17.8     23.352       0   999.9
   2006   228    30.9    17.1     27.872       0   999.9
   2006   229    35.1    19.4     18.791       0   999.9
   2006   230    23.5     9.7     26.784       0   999.9
   2006   231    31.3    13.8     26.575       6   999.9
   2006   232    38.5    17.3     27.244       0   999.9
   2006   233      30    16.8     26.114       0   999.9
   2006   234    28.5    14.8     22.599       0   999.9
   2006   235    27.1    14.9     25.863       0   999.9
   2006   236    39.3    19.5     23.310       0   999.9
   2006   237    30.8    16.4     18.791       0   999.9
   2006   238    35.8    17.3     23.687       0   999.9
   2006   239    35.5    18.8     17.368       0   999.9
   2006   240    31.9    21.8     25.110       0   999.9
   2006   241    33.8    13.9     20.757       0   999.9
   2006   242      34    17.9     17.535       0   999.9
   2006   243    30.4    13.8     24.608       0   999.9
   2006   244    29.6    12.5     14.354       0   999.9
   2006   245    33.8      17     22.222       0   999.9
   2006   246    21.7     6.5     18.121      16   999.9
   2006   247    32.2      14     16.028     8.7   999.9
   2006   248    30.7      14     23.059       0   999.9
   2006   249    30.7    14.5     13.350       0   999.9
   2006   250      31    16.4     15.987       0   999.9
   2006   251    31.1    12.3     22.013       0   999.9
   2006   252    36.1    20.6     24.064       0   999.9
   2006   253    38.5    24.5     22.934       0   999.9
   2006   254    27.2     6.8     19.962       0   999.9
   2006   255    27.8    12.3     19.460       0   999.9
   2006   256    25.4     5.5     24.105       0   999.9
   2006   257    36.5      14     10.714       0   999.9
   2006   258    15.1     5.8     15.359       0   999.9
   2006   259    21.2     7.1     15.987     0.3   999.9
   2006   260    29.4    15.3     21.553       0   999.9
   2006   261    24.9    10.1     12.178     7.9   999.9
   2006   262    34.8    15.3     19.753    14.2   999.9
   2006   263    27.1     9.8     13.894       0   999.9
   2006   264    25.2     8.4     18.874       0   999.9
   2006   265    19.6     5.4     22.222       0   999.9
   2006   266      33      14     13.517       0   999.9
   2006   267    13.8     2.6     20.423       0   999.9
   2006   268    36.8    16.3     19.083       0   999.9
   2006   269    34.7    11.4     16.949       0   999.9
   2006   270    27.5    11.9     20.506       0   999.9
   2006   271    26.4     7.6     15.987       0   999.9
   2006   272    31.5      11     19.502       0   999.9
   2006   273    26.4    11.4     19.293       0   999.9
   2006   274    15.4    -1.4     17.075       0   999.9
   2006   275    28.5    14.1     12.304       0   999.9
   2006   276    32.3    19.2     18.749       0   999.9
   2006   277    35.6    15.2     17.158       0   999.9
   2006   278    15.1     5.4     18.414       0   999.9
   2006   279    24.7     7.7     12.848       0   999.9
   2006   280    24.3     5.2     19.753       0   999.9
   2006   281    19.7     3.1     16.531     6.1   999.9
   2006   282    31.5    13.2     15.777       0   999.9
   2006   283    29.4     5.3     11.592       0   999.9
   2006   284    31.1    13.4     17.326       0   999.9
   2006   285      20     0.7     16.740       0   999.9
   2006   286    28.5    10.4     15.150       0   999.9
   2006   287    20.1     5.7     16.782       0   999.9
   2006   288    22.9     1.7      8.998       0   999.9
   2006   289    14.7     1.1     16.447       0   999.9
   2006   290    24.9    12.1     16.280       0   999.9
   2006   291    12.6     0.2     17.493     8.5   999.9
   2006   292    22.3     8.9     15.945     3.7   999.9
   2006   293    24.5     3.6     14.522       0   999.9
   2006   294    28.1       8     14.647       0   999.9
   2006   295    21.4     5.2     12.053       0   999.9
   2006   296    29.6     6.6     15.819       0   999.9
   2006   297    19.4       3     15.150       0   999.9
   2006   298    25.8       2     15.233       0   999.9
   2006   299    19.3     1.9     15.108     4.1   999.9
   2006   300      18     3.1      9.416       0   999.9
   2006   301    25.1     6.7     12.388       0   999.9
   2006   302    21.6     4.1     14.354       0   999.9
   2006   303    18.4     0.9     14.229       0   999.9
   2006   304    12.1    -0.3     14.062       0   999.9
   2006   305      27     8.6     13.936       0   999.9
   2006   306      10     0.3     13.392       0   999.9
   2006   307    16.3     4.2     12.555       0   999.9
   2006   308    27.3     7.7     13.517       0   999.9
   2006   309    22.4     7.4      4.771       0   999.9
   2006   310    22.6     2.6     10.169       0   999.9
   2006   311    24.5      -2     10.755       0   999.9
   2006   312    34.1     2.9     11.927       0   999.9
   2006   313     9.7    -7.1     12.890       0   999.9
   2006   314    18.3    -0.6     11.509       0   999.9
   2006   315    20.7     3.1     12.639       0   999.9
   2006   316     6.4    -4.5     13.350       0   999.9
   2006   317     0.1    -9.6     12.388       0   999.9
   2006   318    12.2     1.9     13.099       0   999.9
   2006   319     9.6    -4.9     12.178       0   999.9
   2006   320     9.5    -6.1     12.053       0   999.9
   2006   321    17.5       3     11.969       0   999.9
   2006   322    12.5    -3.4     10.169       0   999.9
   2006   323    13.1   -11.3     11.760       0   999.9
   2006   324       7    -8.1     11.676       0   999.9
   2006   325      13     0.4     10.672       0   999.9
   2006   326     0.9   -13.2     11.509       0   999.9
   2006   327     4.1    -9.4      8.370       0   999.9
   2006   328    13.4    -7.6     11.425       0   999.9
   2006   329    17.6    -0.1     11.258       0   999.9
   2006   330    27.7     1.3     11.174       0   999.9
   2006   331     9.4    -6.4      9.667       0   999.9
   2006   332    13.5     0.6     11.006       0   999.9
   2006   333    15.8    -5.1     10.965       0   999.9
   2006   334    13.3    -2.4      8.872       0   999.9
   2006   335    15.3    -6.3      7.324       0   999.9
   2006   336     8.3    -4.4      8.496       0   999.9
   2006   337      23     2.3      7.366       0   999.9
   2006   338     6.8    -7.3     10.672     8.7   999.9
   2006   339    11.8    -8.3     10.588    24.1   999.9
   2006   340    12.2    -1.9      8.621       0   999.9
   2006   341    17.4    -5.9     10.504       0   999.9
   2006   342    -3.9    -9.4      9.751       0   999.9
   2006   343       4    -5.7     10.421     3.4   999.9
   2006   344    22.9     1.7      4.938     6.2   999.9
   2006   345     7.7    -6.1     11.090       0   999.9
   2006   346    10.3   -12.7      8.244       0   999.9
   2006   347     4.8   -11.9      8.244       0   999.9
   2006   348    -3.9    -7.1      7.449       0   999.9
   2006   349    11.8    -4.8      9.165       0   999.9
   2006   350     2.3    -9.3     10.253       0   999.9
   2006   351     7.7    -1.8      4.185       0   999.9
   2006   352      -1    -8.2     10.253       0   999.9
   2006   353    13.6    -7.4     10.253       0   999.9
   2006   354     4.6   -10.3      8.119       0   999.9
   2006   355    15.1    -3.6     10.253     1.3   999.9
   2006   356    10.2    -4.6      9.542       0   999.9
   2006   357     4.8    -8.5      8.914       0   999.9
   2006   358     4.9   -13.9      6.403       0   999.9
   2006   359     8.6    -2.3     10.002       0   999.9
   2006   360    16.7       1      8.621       0   999.9
   2006   361    -1.2    -9.1     10.295       0   999.9
   2006   362    -0.5   -11.4     10.797       0   999.9
   2006   363     6.1   -13.9     11.048       0   999.9
   2006   364    13.6   -13.3     10.672       0   999.9
   2006   365     6.6    -8.4     11.090       0   999.9
