    2001       1     4.7    -9.8   13.860        0.4     999.9
    2001       2     4.7    -9.8    5.314        0.4     999.9
    2001       3     4.9    -9.8    6.397        0.4     999.9
    2001       4     4.9    -9.7    1.979        0.4     999.9
    2001       5     5.1    -9.6   10.345        0.4     999.9
    2001       6     5.1    -9.5    9.900        0.4     999.9
    2001       7     5.2    -9.5   23.079        0.4     999.9
    2001       8     5.3    -9.4   13.223        0.4     999.9
    2001       9     5.3    -9.4   17.872        0.4     999.9
    2001      10     5.3    -9.3   12.707        0.4     999.9
    2001      11     5.4    -9.3   16.485        0.4     999.9
    2001      12     5.4    -9.3    3.033        0.4     999.9
    2001      13     5.4    -9.3   21.736        0.4     999.9
    2001      14     5.4    -9.2   14.736        0.4     999.9
    2001      15     5.4    -9.2   10.972        0.4     999.9
    2001      16     5.6    -9.1   11.157        0.4     999.9
    2001      17     5.7    -9.0   13.558        0.4     999.9
    2001      18     5.8    -8.9    5.631        0.3     999.9
    2001      19     5.9    -8.8   12.237        0.3     999.9
    2001      20     5.9    -8.8   18.974        0.4     999.9
    2001      21     5.9    -8.7   17.170        0.4     999.9
    2001      22     5.9    -8.7   17.984        0.3     999.9
    2001      23     6.0    -8.7   17.804        0.3     999.9
    2001      24     6.1    -8.6   22.101        0.3     999.9
    2001      25     6.1    -8.6    8.927        0.4     999.9
    2001      26     6.2    -8.6    9.931        0.3     999.9
    2001      27     6.3    -8.4   20.617        0.4     999.9
    2001      28     6.3    -8.4   16.969        0.4     999.9
    2001      29     6.3    -8.3    9.863        0.4     999.9
    2001      30     6.4    -8.2   18.497        0.4     999.9
    2001      31     6.5    -8.2   19.216        0.4     999.9
    2001      32     6.6    -8.1   13.090        0.4     999.9
    2001      33     6.6    -8.1   14.827        0.4     999.9
    2001      34     6.6    -7.9   19.619        0.4     999.9
    2001      35     6.7    -7.8   25.000        0.4     999.9
    2001      36     6.8    -7.7   15.846        0.4     999.9
    2001      37     7.0    -7.6   12.907        0.4     999.9
    2001      38     7.1    -7.4    8.662        0.4     999.9
    2001      39     7.2    -7.3   19.507        0.4     999.9
    2001      40     7.3    -7.3   18.430        0.4     999.9
    2001      41     7.4    -7.2   22.723        0.3     999.9
    2001      42     7.6    -7.0   10.888        0.3     999.9
    2001      43     7.7    -6.9    6.113        0.3     999.9
    2001      44     7.8    -6.8   12.075        0.3     999.9
    2001      45     7.9    -6.6   11.972        0.3     999.9
    2001      46     8.2    -6.5    8.763        0.3     999.9
    2001      47     8.3    -6.4    2.788        0.3     999.9
    2001      48     8.5    -6.2   30.137        0.4     999.9
    2001      49     8.7    -6.1   23.159        0.4     999.9
    2001      50     8.8    -5.9   17.849        0.5     999.9
    2001      51     9.0    -5.8   19.626        0.5     999.9
    2001      52     9.2    -5.6   21.656        0.6     999.9
    2001      53     9.3    -5.4   23.021        0.7     999.9
    2001      54     9.6    -5.3   28.649        0.7     999.9
    2001      55     9.7    -5.1   20.249        0.7     999.9
    2001      56     9.8    -4.9   10.725        0.7     999.9
    2001      57    10.1    -4.8    7.978        0.7     999.9
    2001      58    10.2    -4.6   13.692        0.7     999.9
    2001      59    10.3    -4.5   12.844        0.7     999.9
    2001      60    10.5    -4.3    6.835        0.8     999.9
    2001      61    10.7    -4.2    1.708        0.8     999.9
    2001      62    10.9    -4.1    8.629        0.8     999.9
    2001      63    11.0    -3.9   23.608        0.9     999.9
    2001      64    11.1    -3.8   13.966        0.9     999.9
    2001      65    11.2    -3.7   12.293        0.9     999.9
    2001      66    11.3    -3.7   21.158        0.9     999.9
    2001      67    11.4    -3.6   13.005        1.0     999.9
    2001      68    11.5    -3.5   20.161        1.0     999.9
    2001      69    11.6    -3.4   17.925        1.0     999.9
    2001      70    11.7    -3.3   24.787        1.0     999.9
    2001      71    11.8    -3.2   23.429        1.0     999.9
    2001      72    12.0    -3.1   21.997        1.1     999.9
    2001      73    12.1    -2.9   26.434        1.1     999.9
    2001      74    11.9    -2.8   24.491        1.1     999.9
    2001      75    12.0    -2.8   25.194        1.2     999.9
    2001      76    12.1    -2.7    6.294        1.2     999.9
    2001      77    12.3    -2.6   15.630        1.2     999.9
    2001      78    12.4    -2.5   22.651        1.2     999.9
    2001      79    12.5    -2.4    7.912        1.2     999.9
    2001      80    12.6    -2.3   33.209        1.1     999.9
    2001      81    12.8    -2.2   18.381        1.2     999.9
    2001      82    13.0    -2.1   16.461        1.1     999.9
    2001      83    13.1    -1.9   17.891        1.1     999.9
    2001      84    13.2    -1.8   23.806        1.1     999.9
    2001      85    13.3    -1.7   20.081        1.1     999.9
    2001      86    13.4    -1.6   19.966        1.2     999.9
    2001      87    13.5    -1.4   16.737        1.2     999.9
    2001      88    13.6    -1.3   12.299        1.2     999.9
    2001      89    13.7    -1.2   19.638        1.2     999.9
    2001      90    13.9    -1.1   13.731        1.2     999.9
    2001      91    14.0    -1.1   11.159        1.2     999.9
    2001      92    14.2    -0.9   15.407        1.1     999.9
    2001      93    14.4    -0.8   17.443        1.1     999.9
    2001      94    14.6    -0.6   16.162        1.1     999.9
    2001      95    14.7    -0.4   27.793        1.2     999.9
    2001      96    14.8    -0.3   20.605        1.2     999.9
    2001      97    15.0    -0.1   26.228        1.3     999.9
    2001      98    15.2     0.1   26.126        1.4     999.9
    2001      99    15.4     0.2   19.987        1.4     999.9
    2001     100    15.6     0.4    8.336        1.5     999.9
    2001     101    15.7     0.6   11.086        1.6     999.9
    2001     102    15.8     0.7    7.283        1.6     999.9
    2001     103    16.1     0.9   10.806        1.6     999.9
    2001     104    16.2     1.1   18.284        1.6     999.9
    2001     105    16.3     1.3   11.552        1.7     999.9
    2001     106    16.4     1.5   15.270        1.8     999.9
    2001     107    16.6     1.7   22.590        1.8     999.9
    2001     108    16.8     1.9   25.561        1.8     999.9
    2001     109    17.0     2.1   26.848        1.8     999.9
    2001     110    17.2     2.2   23.935        1.8     999.9
    2001     111    17.3     2.4   16.166        1.8     999.9
    2001     112    17.4     2.6   26.381        1.9     999.9
    2001     113    17.6     2.7   24.916        1.9     999.9
    2001     114    17.7     2.9   21.593        2.0     999.9
    2001     115    17.8     3.1   14.885        2.0     999.9
    2001     116    18.1     3.3   22.286        1.9     999.9
    2001     117    18.2     3.4   14.213        1.9     999.9
    2001     118    18.4     3.6   16.563        1.9     999.9
    2001     119    18.5     3.7   18.252        2.0     999.9
    2001     120    18.7     3.9   15.215        2.0     999.9
    2001     121    18.9     4.1   20.278        2.0     999.9
    2001     122    19.0     4.3   10.020        2.1     999.9
    2001     123    19.1     4.4   14.866        2.3     999.9
    2001     124    19.3     4.5   22.620        2.2     999.9
    2001     125    19.5     4.7   23.380        2.2     999.9
    2001     126    19.7     4.9   23.292        2.2     999.9
    2001     127    19.8     5.1   10.907        2.1     999.9
    2001     128    19.9     5.2   11.289        2.2     999.9
    2001     129    20.0     5.3   16.863        2.2     999.9
    2001     130    20.1     5.5   10.682        2.1     999.9
    2001     131    20.3     5.7   22.636        2.1     999.9
    2001     132    20.5     5.8   13.223        2.2     999.9
    2001     133    20.7     6.0   21.485        2.2     999.9
    2001     134    20.9     6.2   22.724        2.1     999.9
    2001     135    21.1     6.3   20.529        2.1     999.9
    2001     136    21.3     6.5   23.819        2.1     999.9
    2001     137    21.4     6.7   17.484        2.1     999.9
    2001     138    21.6     6.8   27.090        2.2     999.9
    2001     139    21.7     6.9   26.275        2.2     999.9
    2001     140    21.8     7.1   12.099        2.3     999.9
    2001     141    22.0     7.3   14.040        2.2     999.9
    2001     142    22.2     7.4   18.350        2.2     999.9
    2001     143    22.4     7.6   15.966        2.2     999.9
    2001     144    22.6     7.7   20.912        2.2     999.9
    2001     145    22.7     7.9   13.140        2.4     999.9
    2001     146    22.9     8.1   28.183        2.5     999.9
    2001     147    23.1     8.2   21.759        2.5     999.9
    2001     148    23.3     8.4   12.093        2.4     999.9
    2001     149    23.4     8.6   17.951        2.4     999.9
    2001     150    23.6     8.7   19.796        2.4     999.9
    2001     151    23.7     8.8   18.621        2.3     999.9
    2001     152    23.9     8.9   24.296        2.1     999.9
    2001     153    24.0     9.1   18.566        2.1     999.9
    2001     154    24.1     9.2   18.306        2.2     999.9
    2001     155    24.3     9.3   22.610        2.2     999.9
    2001     156    24.4     9.4   18.299        2.2     999.9
    2001     157    24.7     9.6   23.803        2.0     999.9
    2001     158    24.9     9.7   14.404        2.0     999.9
    2001     159    25.2     9.9   17.619        2.0     999.9
    2001     160    25.4    10.0   16.371        1.9     999.9
    2001     161    25.7    10.2   19.156        1.9     999.9
    2001     162    25.9    10.4   23.665        2.0     999.9
    2001     163    26.1    10.5   29.474        2.0     999.9
    2001     164    26.3    10.7   28.481        1.8     999.9
    2001     165    26.6    10.8   25.062        1.8     999.9
    2001     166    26.8    11.0   32.030        1.7     999.9
    2001     167    27.1    11.2   24.496        1.7     999.9
    2001     168    27.2    11.3   19.892        1.5     999.9
    2001     169    27.4    11.4   15.630        1.5     999.9
    2001     170    27.6    11.6   22.993        1.5     999.9
    2001     171    27.8    11.7   28.593        1.5     999.9
    2001     172    27.9    11.8   26.130        1.4     999.9
    2001     173    28.2    11.9   29.463        1.4     999.9
    2001     174    28.3    12.1   19.621        1.2     999.9
    2001     175    28.5    12.2   33.086        1.1     999.9
    2001     176    28.7    12.4   32.941        1.1     999.9
    2001     177    28.8    12.5   30.735        1.1     999.9
    2001     178    28.9    12.6   28.025        1.1     999.9
    2001     179    29.1    12.7   26.398        1.1     999.9
    2001     180    29.2    12.8   14.972        1.1     999.9
    2001     181    29.3    12.9   10.050        1.1     999.9
    2001     182    29.4    13.1   16.586        1.1     999.9
    2001     183    29.6    13.2   21.854        1.0     999.9
    2001     184    29.7    13.3   27.385        1.0     999.9
    2001     185    29.7    13.4   25.328        1.0     999.9
    2001     186    29.8    13.6   23.292        1.0     999.9
    2001     187    29.7    13.6   25.094        1.1     999.9
    2001     188    29.8    13.7   29.086        1.1     999.9
    2001     189    29.8    13.7   25.953        1.2     999.9
    2001     190    29.8    13.8   19.202        1.1     999.9
    2001     191    29.7    13.9   31.781        1.1     999.9
    2001     192    29.8    13.9   27.969        1.2     999.9
    2001     193    29.7    13.9   20.855        1.2     999.9
    2001     194    29.7    14.0   20.623        1.2     999.9
    2001     195    29.7    14.0   28.068        1.3     999.9
    2001     196    29.7    14.1   24.374        1.4     999.9
    2001     197    29.7    14.1   26.496        1.6     999.9
    2001     198    29.7    14.1   20.927        1.5     999.9
    2001     199    29.6    14.2   19.440        1.5     999.9
    2001     200    29.6    14.2   16.189        1.6     999.9
    2001     201    29.5    14.2   11.550        1.7     999.9
    2001     202    29.4    14.2   12.305        1.8     999.9
    2001     203    29.3    14.2   20.120        1.8     999.9
    2001     204    29.3    14.1   27.765        1.8     999.9
    2001     205    29.3    14.1   23.316        1.8     999.9
    2001     206    29.2    14.1   10.949        1.8     999.9
    2001     207    29.2    14.1   23.591        1.8     999.9
    2001     208    29.1    14.1   33.007        1.9     999.9
    2001     209    29.1    14.0   24.861        1.8     999.9
    2001     210    29.1    14.0   16.937        1.8     999.9
    2001     211    29.0    13.9   27.933        1.9     999.9
    2001     212    28.9    13.9   25.717        1.9     999.9
    2001     213    28.8    13.9   31.635        1.9     999.9
    2001     214    28.8    13.8   20.041        1.9     999.9
    2001     215    28.8    13.8   10.005        1.9     999.9
    2001     216    28.8    13.7   27.882        1.8     999.9
    2001     217    28.8    13.7   27.776        1.8     999.9
    2001     218    28.8    13.7   25.358        1.7     999.9
    2001     219    28.7    13.7   26.820        1.7     999.9
    2001     220    28.7    13.6   19.365        1.6     999.9
    2001     221    28.7    13.6   28.656        1.5     999.9
    2001     222    28.7    13.6   17.451        1.5     999.9
    2001     223    28.7    13.5   11.854        1.5     999.9
    2001     224    28.6    13.4   22.388        1.5     999.9
    2001     225    28.6    13.4   19.672        1.3     999.9
    2001     226    28.6    13.3   11.701        1.2     999.9
    2001     227    28.6    13.2    7.446        1.2     999.9
    2001     228    28.5    13.2   20.762        1.2     999.9
    2001     229    28.5    13.1   16.393        1.1     999.9
    2001     230    28.4    13.0    7.780        1.1     999.9
    2001     231    28.4    12.9   19.376        1.0     999.9
    2001     232    28.4    12.8   30.153        1.0     999.9
    2001     233    28.3    12.7   18.946        0.9     999.9
    2001     234    28.3    12.7   15.928        0.9     999.9
    2001     235    28.2    12.6   25.084        1.0     999.9
    2001     236    28.1    12.4   20.083        1.0     999.9
    2001     237    28.1    12.3   16.276        1.0     999.9
    2001     238    27.9    12.2   23.415        0.9     999.9
    2001     239    27.9    12.1   16.064        0.9     999.9
    2001     240    27.8    12.0   17.017        0.9     999.9
    2001     241    27.6    11.9   29.163        1.0     999.9
    2001     242    27.4    11.7   25.730        1.0     999.9
    2001     243    27.3    11.6   25.184        1.0     999.9
    2001     244    27.1    11.3   25.423        1.0     999.9
    2001     245    26.9    11.2   30.092        1.0     999.9
    2001     246    26.8    10.9   17.173        1.0     999.9
    2001     247    26.7    10.8   10.035        1.0     999.9
    2001     248    26.4    10.6   21.600        1.1     999.9
    2001     249    26.2    10.3   33.157        1.2     999.9
    2001     250    25.9    10.1   30.123        1.2     999.9
    2001     251    25.7     9.8   16.272        1.2     999.9
    2001     252    25.4     9.6   28.292        1.2     999.9
    2001     253    25.2     9.4   19.446        1.1     999.9
    2001     254    25.0     9.1   15.217        1.1     999.9
    2001     255    24.8     8.9   21.973        1.1     999.9
    2001     256    24.6     8.7   17.475        1.1     999.9
    2001     257    24.3     8.4   17.347        1.2     999.9
    2001     258    24.2     8.2   22.852        1.2     999.9
    2001     259    24.0     8.0   21.832        1.2     999.9
    2001     260    23.8     7.8   14.630        1.1     999.9
    2001     261    23.6     7.6   32.878        1.1     999.9
    2001     262    23.3     7.4   21.126        1.1     999.9
    2001     263    23.1     7.2   16.263        1.1     999.9
    2001     264    22.8     6.9   30.755        1.2     999.9
    2001     265    22.5     6.7   23.490        1.1     999.9
    2001     266    22.3     6.5   23.607        1.1     999.9
    2001     267    22.1     6.3    9.161        1.1     999.9
    2001     268    21.8     6.0   15.101        1.1     999.9
    2001     269    21.7     5.7   16.066        1.0     999.9
    2001     270    21.6     5.5   10.464        1.0     999.9
    2001     271    21.6     5.3    9.373        0.9     999.9
    2001     272    21.4     5.2   15.544        0.9     999.9
    2001     273    21.2     5.0   19.137        0.8     999.9
    2001     274    21.0     4.8   20.277        0.9     999.9
    2001     275    20.8     4.6    8.016        0.9     999.9
    2001     276    20.5     4.4   19.672        0.9     999.9
    2001     277    20.3     4.2   19.255        0.8     999.9
    2001     278    20.2     4.0   21.149        0.8     999.9
    2001     279    20.1     3.8   19.618        0.7     999.9
    2001     280    19.9     3.7   28.082        0.7     999.9
    2001     281    19.8     3.6   12.137        0.8     999.9
    2001     282    19.6     3.4   20.423        0.8     999.9
    2001     283    19.4     3.2   22.320        0.8     999.9
    2001     284    19.1     2.9   22.100        0.8     999.9
    2001     285    18.9     2.8   26.352        0.8     999.9
    2001     286    18.8     2.7   19.751        0.8     999.9
    2001     287    18.6     2.4   17.937        0.8     999.9
    2001     288    18.3     2.2   19.944        0.8     999.9
    2001     289    17.9     2.1   23.198        0.8     999.9
    2001     290    17.6     1.8    9.306        0.8     999.9
    2001     291    17.3     1.6   17.802        0.9     999.9
    2001     292    17.1     1.4   26.779        0.9     999.9
    2001     293    16.8     1.2   17.673        0.9     999.9
    2001     294    16.6     1.0    9.154        0.9     999.9
    2001     295    16.3     0.8   17.281        0.9     999.9
    2001     296    16.1     0.6   18.753        0.9     999.9
    2001     297    15.9     0.5   14.972        0.9     999.9
    2001     298    15.6     0.3   22.699        0.9     999.9
    2001     299    15.2     0.2   24.550        0.9     999.9
    2001     300    14.9    -0.1   17.158        0.9     999.9
    2001     301    14.6    -0.3   18.556        0.9     999.9
    2001     302    14.3    -0.6   23.417        0.9     999.9
    2001     303    14.1    -0.7   16.518        0.9     999.9
    2001     304    13.8    -0.9   24.571        0.9     999.9
    2001     305    13.6    -1.2   18.318        0.9     999.9
    2001     306    13.3    -1.4   26.020        0.9     999.9
    2001     307    13.1    -1.6   22.453        0.8     999.9
    2001     308    12.8    -1.7   17.633        0.9     999.9
    2001     309    12.6    -1.9   10.788        0.9     999.9
    2001     310    12.3    -2.2   18.431        0.9     999.9
    2001     311    12.0    -2.4    9.960        0.8     999.9
    2001     312    11.8    -2.6   14.115        0.8     999.9
    2001     313    11.5    -2.8   16.008        0.8     999.9
    2001     314    11.2    -3.1   21.096        0.8     999.9
    2001     315    10.9    -3.3   15.925        0.8     999.9
    2001     316    10.7    -3.4   13.678        0.8     999.9
    2001     317    10.4    -3.7   16.432        0.8     999.9
    2001     318    10.2    -3.9   12.588        0.7     999.9
    2001     319    10.1    -4.1   22.234        0.7     999.9
    2001     320     9.9    -4.3   25.138        0.7     999.9
    2001     321     9.8    -4.5   22.741        0.6     999.9
    2001     322     9.6    -4.6   17.389        0.6     999.9
    2001     323     9.4    -4.8   16.771        0.6     999.9
    2001     324     9.3    -4.9    9.056        0.6     999.9
    2001     325     9.2    -5.1   17.310        0.6     999.9
    2001     326     8.9    -5.3   12.677        0.6     999.9
    2001     327     8.7    -5.4   27.107        0.6     999.9
    2001     328     8.5    -5.7   25.060        0.5     999.9
    2001     329     8.4    -5.8   23.010        0.6     999.9
    2001     330     8.3    -5.9   20.960        0.6     999.9
    2001     331     8.2    -6.1   18.910        0.5     999.9
    2001     332     8.0    -6.3   16.861        0.5     999.9
    2001     333     7.8    -6.4   17.797        0.5     999.9
    2001     334     7.7    -6.5   16.954        0.5     999.9
    2001     335     7.6    -6.7   11.859        0.5     999.9
    2001     336     7.4    -6.8    7.375        0.5     999.9
    2001     337     7.3    -6.9   10.475        0.5     999.9
    2001     338     7.2    -7.1    9.500        0.5     999.9
    2001     339     7.1    -7.2   10.797        0.4     999.9
    2001     340     6.9    -7.3    7.838        0.4     999.9
    2001     341     6.7    -7.5    6.555        0.4     999.9
    2001     342     6.6    -7.6   14.091        0.4     999.9
    2001     343     6.4    -7.7   16.900        0.4     999.9
    2001     344     6.3    -7.8   13.064        0.4     999.9
    2001     345     6.2    -8.1   15.161        0.4     999.9
    2001     346     6.3    -8.1   14.871        0.3     999.9
    2001     347     6.2    -8.2   15.238        0.4     999.9
    2001     348     6.2    -8.2   17.664        0.4     999.9
    2001     349     6.1    -8.3   13.888        0.4     999.9
    2001     350     6.1    -8.4   10.474        0.4     999.9
    2001     351     5.9    -8.5   14.948        0.4     999.9
    2001     352     5.7    -8.7   16.274        0.4     999.9
    2001     353     5.6    -8.8   17.043        0.4     999.9
    2001     354     5.4    -8.9   24.778        0.4     999.9
    2001     355     5.3    -9.1   16.443        0.4     999.9
    2001     356     5.2    -9.2   12.777        0.4     999.9
    2001     357     5.2    -9.3   14.491        0.4     999.9
    2001     358     5.0    -9.4   11.984        0.4     999.9
    2001     359     4.9    -9.5   13.847        0.4     999.9
    2001     360     4.8    -9.6   11.989        0.4     999.9
    2001     361     4.7    -9.7    2.144        0.4     999.9
    2001     362     4.7    -9.7   17.311        0.4     999.9
    2001     363     4.6    -9.8   14.932        0.4     999.9
    2001     364     4.6    -9.8   20.355        0.4     999.9
    2001     365     4.7    -9.8   17.870        0.4     999.9
    2002       1     4.7    -9.8   13.860        0.4     999.9
    2002       2     4.7    -9.8    5.314        0.4     999.9
    2002       3     4.9    -9.8    6.397        0.4     999.9
    2002       4     4.9    -9.7    1.979        0.4     999.9
    2002       5     5.1    -9.6   10.345        0.4     999.9
    2002       6     5.1    -9.5    9.900        0.4     999.9
    2002       7     5.2    -9.5   23.079        0.4     999.9
    2002       8     5.3    -9.4   13.223        0.4     999.9
    2002       9     5.3    -9.4   17.872        0.4     999.9
    2002      10     5.3    -9.3   12.707        0.4     999.9
    2002      11     5.4    -9.3   16.485        0.4     999.9
    2002      12     5.4    -9.3    3.033        0.4     999.9
    2002      13     5.4    -9.3   21.736        0.4     999.9
    2002      14     5.4    -9.2   14.736        0.4     999.9
    2002      15     5.4    -9.2   10.972        0.4     999.9
    2002      16     5.6    -9.1   11.157        0.4     999.9
    2002      17     5.7    -9.0   13.558        0.4     999.9
    2002      18     5.8    -8.9    5.631        0.3     999.9
    2002      19     5.9    -8.8   12.237        0.3     999.9
    2002      20     5.9    -8.8   18.974        0.4     999.9
    2002      21     5.9    -8.7   17.170        0.4     999.9
    2002      22     5.9    -8.7   17.984        0.3     999.9
    2002      23     6.0    -8.7   17.804        0.3     999.9
    2002      24     6.1    -8.6   22.101        0.3     999.9
    2002      25     6.1    -8.6    8.927        0.4     999.9
    2002      26     6.2    -8.6    9.931        0.3     999.9
    2002      27     6.3    -8.4   20.617        0.4     999.9
    2002      28     6.3    -8.4   16.969        0.4     999.9
    2002      29     6.3    -8.3    9.863        0.4     999.9
    2002      30     6.4    -8.2   18.497        0.4     999.9
    2002      31     6.5    -8.2   19.216        0.4     999.9
    2002      32     6.6    -8.1   13.090        0.4     999.9
    2002      33     6.6    -8.1   14.827        0.4     999.9
    2002      34     6.6    -7.9   19.619        0.4     999.9
    2002      35     6.7    -7.8   25.000        0.4     999.9
    2002      36     6.8    -7.7   15.846        0.4     999.9
    2002      37     7.0    -7.6   12.907        0.4     999.9
    2002      38     7.1    -7.4    8.662        0.4     999.9
    2002      39     7.2    -7.3   19.507        0.4     999.9
    2002      40     7.3    -7.3   18.430        0.4     999.9
    2002      41     7.4    -7.2   22.723        0.3     999.9
    2002      42     7.6    -7.0   10.888        0.3     999.9
    2002      43     7.7    -6.9    6.113        0.3     999.9
    2002      44     7.8    -6.8   12.075        0.3     999.9
    2002      45     7.9    -6.6   11.972        0.3     999.9
    2002      46     8.2    -6.5    8.763        0.3     999.9
    2002      47     8.3    -6.4    2.788        0.3     999.9
    2002      48     8.5    -6.2   30.137        0.4     999.9
    2002      49     8.7    -6.1   23.159        0.4     999.9
    2002      50     8.8    -5.9   17.849        0.5     999.9
    2002      51     9.0    -5.8   19.626        0.5     999.9
    2002      52     9.2    -5.6   21.656        0.6     999.9
    2002      53     9.3    -5.4   23.021        0.7     999.9
    2002      54     9.6    -5.3   28.649        0.7     999.9
    2002      55     9.7    -5.1   20.249        0.7     999.9
    2002      56     9.8    -4.9   10.725        0.7     999.9
    2002      57    10.1    -4.8    7.978        0.7     999.9
    2002      58    10.2    -4.6   13.692        0.7     999.9
    2002      59    10.3    -4.5   12.844        0.7     999.9
    2002      60    10.5    -4.3    6.835        0.8     999.9
    2002      61    10.7    -4.2    1.708        0.8     999.9
    2002      62    10.9    -4.1    8.629        0.8     999.9
    2002      63    11.0    -3.9   23.608        0.9     999.9
    2002      64    11.1    -3.8   13.966        0.9     999.9
    2002      65    11.2    -3.7   12.293        0.9     999.9
    2002      66    11.3    -3.7   21.158        0.9     999.9
    2002      67    11.4    -3.6   13.005        1.0     999.9
    2002      68    11.5    -3.5   20.161        1.0     999.9
    2002      69    11.6    -3.4   17.925        1.0     999.9
    2002      70    11.7    -3.3   24.787        1.0     999.9
    2002      71    11.8    -3.2   23.429        1.0     999.9
    2002      72    12.0    -3.1   21.997        1.1     999.9
    2002      73    12.1    -2.9   26.434        1.1     999.9
    2002      74    11.9    -2.8   24.491        1.1     999.9
    2002      75    12.0    -2.8   25.194        1.2     999.9
    2002      76    12.1    -2.7    6.294        1.2     999.9
    2002      77    12.3    -2.6   15.630        1.2     999.9
    2002      78    12.4    -2.5   22.651        1.2     999.9
    2002      79    12.5    -2.4    7.912        1.2     999.9
    2002      80    12.6    -2.3   33.209        1.1     999.9
    2002      81    12.8    -2.2   18.381        1.2     999.9
    2002      82    13.0    -2.1   16.461        1.1     999.9
    2002      83    13.1    -1.9   17.891        1.1     999.9
    2002      84    13.2    -1.8   23.806        1.1     999.9
    2002      85    13.3    -1.7   20.081        1.1     999.9
    2002      86    13.4    -1.6   19.966        1.2     999.9
    2002      87    13.5    -1.4   16.737        1.2     999.9
    2002      88    13.6    -1.3   12.299        1.2     999.9
    2002      89    13.7    -1.2   19.638        1.2     999.9
    2002      90    13.9    -1.1   13.731        1.2     999.9
    2002      91    14.0    -1.1   11.159        1.2     999.9
    2002      92    14.2    -0.9   15.407        1.1     999.9
    2002      93    14.4    -0.8   17.443        1.1     999.9
    2002      94    14.6    -0.6   16.162        1.1     999.9
    2002      95    14.7    -0.4   27.793        1.2     999.9
    2002      96    14.8    -0.3   20.605        1.2     999.9
    2002      97    15.0    -0.1   26.228        1.3     999.9
    2002      98    15.2     0.1   26.126        1.4     999.9
    2002      99    15.4     0.2   19.987        1.4     999.9
    2002     100    15.6     0.4    8.336        1.5     999.9
    2002     101    15.7     0.6   11.086        1.6     999.9
    2002     102    15.8     0.7    7.283        1.6     999.9
    2002     103    16.1     0.9   10.806        1.6     999.9
    2002     104    16.2     1.1   18.284        1.6     999.9
    2002     105    16.3     1.3   11.552        1.7     999.9
    2002     106    16.4     1.5   15.270        1.8     999.9
    2002     107    16.6     1.7   22.590        1.8     999.9
    2002     108    16.8     1.9   25.561        1.8     999.9
    2002     109    17.0     2.1   26.848        1.8     999.9
    2002     110    17.2     2.2   23.935        1.8     999.9
    2002     111    17.3     2.4   16.166        1.8     999.9
    2002     112    17.4     2.6   26.381        1.9     999.9
    2002     113    17.6     2.7   24.916        1.9     999.9
    2002     114    17.7     2.9   21.593        2.0     999.9
    2002     115    17.8     3.1   14.885        2.0     999.9
    2002     116    18.1     3.3   22.286        1.9     999.9
    2002     117    18.2     3.4   14.213        1.9     999.9
    2002     118    18.4     3.6   16.563        1.9     999.9
    2002     119    18.5     3.7   18.252        2.0     999.9
    2002     120    18.7     3.9   15.215        2.0     999.9
    2002     121    18.9     4.1   20.278        2.0     999.9
    2002     122    19.0     4.3   10.020        2.1     999.9
    2002     123    19.1     4.4   14.866        2.3     999.9
    2002     124    19.3     4.5   22.620        2.2     999.9
    2002     125    19.5     4.7   23.380        2.2     999.9
    2002     126    19.7     4.9   23.292        2.2     999.9
    2002     127    19.8     5.1   10.907        2.1     999.9
    2002     128    19.9     5.2   11.289        2.2     999.9
    2002     129    20.0     5.3   16.863        2.2     999.9
    2002     130    20.1     5.5   10.682        2.1     999.9
    2002     131    20.3     5.7   22.636        2.1     999.9
    2002     132    20.5     5.8   13.223        2.2     999.9
    2002     133    20.7     6.0   21.485        2.2     999.9
    2002     134    20.9     6.2   22.724        2.1     999.9
    2002     135    21.1     6.3   20.529        2.1     999.9
    2002     136    21.3     6.5   23.819        2.1     999.9
    2002     137    21.4     6.7   17.484        2.1     999.9
    2002     138    21.6     6.8   27.090        2.2     999.9
    2002     139    21.7     6.9   26.275        2.2     999.9
    2002     140    21.8     7.1   12.099        2.3     999.9
    2002     141    22.0     7.3   14.040        2.2     999.9
    2002     142    22.2     7.4   18.350        2.2     999.9
    2002     143    22.4     7.6   15.966        2.2     999.9
    2002     144    22.6     7.7   20.912        2.2     999.9
    2002     145    22.7     7.9   13.140        2.4     999.9
    2002     146    22.9     8.1   28.183        2.5     999.9
    2002     147    23.1     8.2   21.759        2.5     999.9
    2002     148    23.3     8.4   12.093        2.4     999.9
    2002     149    23.4     8.6   17.951        2.4     999.9
    2002     150    23.6     8.7   19.796        2.4     999.9
    2002     151    23.7     8.8   18.621        2.3     999.9
    2002     152    23.9     8.9   24.296        2.1     999.9
    2002     153    24.0     9.1   18.566        2.1     999.9
    2002     154    24.1     9.2   18.306        2.2     999.9
    2002     155    24.3     9.3   22.610        2.2     999.9
    2002     156    24.4     9.4   18.299        2.2     999.9
    2002     157    24.7     9.6   23.803        2.0     999.9
    2002     158    24.9     9.7   14.404        2.0     999.9
    2002     159    25.2     9.9   17.619        2.0     999.9
    2002     160    25.4    10.0   16.371        1.9     999.9
    2002     161    25.7    10.2   19.156        1.9     999.9
    2002     162    25.9    10.4   23.665        2.0     999.9
    2002     163    26.1    10.5   29.474        2.0     999.9
    2002     164    26.3    10.7   28.481        1.8     999.9
    2002     165    26.6    10.8   25.062        1.8     999.9
    2002     166    26.8    11.0   32.030        1.7     999.9
    2002     167    27.1    11.2   24.496        1.7     999.9
    2002     168    27.2    11.3   19.892        1.5     999.9
    2002     169    27.4    11.4   15.630        1.5     999.9
    2002     170    27.6    11.6   22.993        1.5     999.9
    2002     171    27.8    11.7   28.593        1.5     999.9
    2002     172    27.9    11.8   26.130        1.4     999.9
    2002     173    28.2    11.9   29.463        1.4     999.9
    2002     174    28.3    12.1   19.621        1.2     999.9
    2002     175    28.5    12.2   33.086        1.1     999.9
    2002     176    28.7    12.4   32.941        1.1     999.9
    2002     177    28.8    12.5   30.735        1.1     999.9
    2002     178    28.9    12.6   28.025        1.1     999.9
    2002     179    29.1    12.7   26.398        1.1     999.9
    2002     180    29.2    12.8   14.972        1.1     999.9
    2002     181    29.3    12.9   10.050        1.1     999.9
    2002     182    29.4    13.1   16.586        1.1     999.9
    2002     183    29.6    13.2   21.854        1.0     999.9
    2002     184    29.7    13.3   27.385        1.0     999.9
    2002     185    29.7    13.4   25.328        1.0     999.9
    2002     186    29.8    13.6   23.292        1.0     999.9
    2002     187    29.7    13.6   25.094        1.1     999.9
    2002     188    29.8    13.7   29.086        1.1     999.9
    2002     189    29.8    13.7   25.953        1.2     999.9
    2002     190    29.8    13.8   19.202        1.1     999.9
    2002     191    29.7    13.9   31.781        1.1     999.9
    2002     192    29.8    13.9   27.969        1.2     999.9
    2002     193    29.7    13.9   20.855        1.2     999.9
    2002     194    29.7    14.0   20.623        1.2     999.9
    2002     195    29.7    14.0   28.068        1.3     999.9
    2002     196    29.7    14.1   24.374        1.4     999.9
    2002     197    29.7    14.1   26.496        1.6     999.9
    2002     198    29.7    14.1   20.927        1.5     999.9
    2002     199    29.6    14.2   19.440        1.5     999.9
    2002     200    29.6    14.2   16.189        1.6     999.9
    2002     201    29.5    14.2   11.550        1.7     999.9
    2002     202    29.4    14.2   12.305        1.8     999.9
    2002     203    29.3    14.2   20.120        1.8     999.9
    2002     204    29.3    14.1   27.765        1.8     999.9
    2002     205    29.3    14.1   23.316        1.8     999.9
    2002     206    29.2    14.1   10.949        1.8     999.9
    2002     207    29.2    14.1   23.591        1.8     999.9
    2002     208    29.1    14.1   33.007        1.9     999.9
    2002     209    29.1    14.0   24.861        1.8     999.9
    2002     210    29.1    14.0   16.937        1.8     999.9
    2002     211    29.0    13.9   27.933        1.9     999.9
    2002     212    28.9    13.9   25.717        1.9     999.9
    2002     213    28.8    13.9   31.635        1.9     999.9
    2002     214    28.8    13.8   20.041        1.9     999.9
    2002     215    28.8    13.8   10.005        1.9     999.9
    2002     216    28.8    13.7   27.882        1.8     999.9
    2002     217    28.8    13.7   27.776        1.8     999.9
    2002     218    28.8    13.7   25.358        1.7     999.9
    2002     219    28.7    13.7   26.820        1.7     999.9
    2002     220    28.7    13.6   19.365        1.6     999.9
    2002     221    28.7    13.6   28.656        1.5     999.9
    2002     222    28.7    13.6   17.451        1.5     999.9
    2002     223    28.7    13.5   11.854        1.5     999.9
    2002     224    28.6    13.4   22.388        1.5     999.9
    2002     225    28.6    13.4   19.672        1.3     999.9
    2002     226    28.6    13.3   11.701        1.2     999.9
    2002     227    28.6    13.2    7.446        1.2     999.9
    2002     228    28.5    13.2   20.762        1.2     999.9
    2002     229    28.5    13.1   16.393        1.1     999.9
    2002     230    28.4    13.0    7.780        1.1     999.9
    2002     231    28.4    12.9   19.376        1.0     999.9
    2002     232    28.4    12.8   30.153        1.0     999.9
    2002     233    28.3    12.7   18.946        0.9     999.9
    2002     234    28.3    12.7   15.928        0.9     999.9
    2002     235    28.2    12.6   25.084        1.0     999.9
    2002     236    28.1    12.4   20.083        1.0     999.9
    2002     237    28.1    12.3   16.276        1.0     999.9
    2002     238    27.9    12.2   23.415        0.9     999.9
    2002     239    27.9    12.1   16.064        0.9     999.9
    2002     240    27.8    12.0   17.017        0.9     999.9
    2002     241    27.6    11.9   29.163        1.0     999.9
    2002     242    27.4    11.7   25.730        1.0     999.9
    2002     243    27.3    11.6   25.184        1.0     999.9
    2002     244    27.1    11.3   25.423        1.0     999.9
    2002     245    26.9    11.2   30.092        1.0     999.9
    2002     246    26.8    10.9   17.173        1.0     999.9
    2002     247    26.7    10.8   10.035        1.0     999.9
    2002     248    26.4    10.6   21.600        1.1     999.9
    2002     249    26.2    10.3   33.157        1.2     999.9
    2002     250    25.9    10.1   30.123        1.2     999.9
    2002     251    25.7     9.8   16.272        1.2     999.9
    2002     252    25.4     9.6   28.292        1.2     999.9
    2002     253    25.2     9.4   19.446        1.1     999.9
    2002     254    25.0     9.1   15.217        1.1     999.9
    2002     255    24.8     8.9   21.973        1.1     999.9
    2002     256    24.6     8.7   17.475        1.1     999.9
    2002     257    24.3     8.4   17.347        1.2     999.9
    2002     258    24.2     8.2   22.852        1.2     999.9
    2002     259    24.0     8.0   21.832        1.2     999.9
    2002     260    23.8     7.8   14.630        1.1     999.9
    2002     261    23.6     7.6   32.878        1.1     999.9
    2002     262    23.3     7.4   21.126        1.1     999.9
    2002     263    23.1     7.2   16.263        1.1     999.9
    2002     264    22.8     6.9   30.755        1.2     999.9
    2002     265    22.5     6.7   23.490        1.1     999.9
    2002     266    22.3     6.5   23.607        1.1     999.9
    2002     267    22.1     6.3    9.161        1.1     999.9
    2002     268    21.8     6.0   15.101        1.1     999.9
    2002     269    21.7     5.7   16.066        1.0     999.9
    2002     270    21.6     5.5   10.464        1.0     999.9
    2002     271    21.6     5.3    9.373        0.9     999.9
    2002     272    21.4     5.2   15.544        0.9     999.9
    2002     273    21.2     5.0   19.137        0.8     999.9
    2002     274    21.0     4.8   20.277        0.9     999.9
    2002     275    20.8     4.6    8.016        0.9     999.9
    2002     276    20.5     4.4   19.672        0.9     999.9
    2002     277    20.3     4.2   19.255        0.8     999.9
    2002     278    20.2     4.0   21.149        0.8     999.9
    2002     279    20.1     3.8   19.618        0.7     999.9
    2002     280    19.9     3.7   28.082        0.7     999.9
    2002     281    19.8     3.6   12.137        0.8     999.9
    2002     282    19.6     3.4   20.423        0.8     999.9
    2002     283    19.4     3.2   22.320        0.8     999.9
    2002     284    19.1     2.9   22.100        0.8     999.9
    2002     285    18.9     2.8   26.352        0.8     999.9
    2002     286    18.8     2.7   19.751        0.8     999.9
    2002     287    18.6     2.4   17.937        0.8     999.9
    2002     288    18.3     2.2   19.944        0.8     999.9
    2002     289    17.9     2.1   23.198        0.8     999.9
    2002     290    17.6     1.8    9.306        0.8     999.9
    2002     291    17.3     1.6   17.802        0.9     999.9
    2002     292    17.1     1.4   26.779        0.9     999.9
    2002     293    16.8     1.2   17.673        0.9     999.9
    2002     294    16.6     1.0    9.154        0.9     999.9
    2002     295    16.3     0.8   17.281        0.9     999.9
    2002     296    16.1     0.6   18.753        0.9     999.9
    2002     297    15.9     0.5   14.972        0.9     999.9
    2002     298    15.6     0.3   22.699        0.9     999.9
    2002     299    15.2     0.2   24.550        0.9     999.9
    2002     300    14.9    -0.1   17.158        0.9     999.9
    2002     301    14.6    -0.3   18.556        0.9     999.9
    2002     302    14.3    -0.6   23.417        0.9     999.9
    2002     303    14.1    -0.7   16.518        0.9     999.9
    2002     304    13.8    -0.9   24.571        0.9     999.9
    2002     305    13.6    -1.2   18.318        0.9     999.9
    2002     306    13.3    -1.4   26.020        0.9     999.9
    2002     307    13.1    -1.6   22.453        0.8     999.9
    2002     308    12.8    -1.7   17.633        0.9     999.9
    2002     309    12.6    -1.9   10.788        0.9     999.9
    2002     310    12.3    -2.2   18.431        0.9     999.9
    2002     311    12.0    -2.4    9.960        0.8     999.9
    2002     312    11.8    -2.6   14.115        0.8     999.9
    2002     313    11.5    -2.8   16.008        0.8     999.9
    2002     314    11.2    -3.1   21.096        0.8     999.9
    2002     315    10.9    -3.3   15.925        0.8     999.9
    2002     316    10.7    -3.4   13.678        0.8     999.9
    2002     317    10.4    -3.7   16.432        0.8     999.9
    2002     318    10.2    -3.9   12.588        0.7     999.9
    2002     319    10.1    -4.1   22.234        0.7     999.9
    2002     320     9.9    -4.3   25.138        0.7     999.9
    2002     321     9.8    -4.5   22.741        0.6     999.9
    2002     322     9.6    -4.6   17.389        0.6     999.9
    2002     323     9.4    -4.8   16.771        0.6     999.9
    2002     324     9.3    -4.9    9.056        0.6     999.9
    2002     325     9.2    -5.1   17.310        0.6     999.9
    2002     326     8.9    -5.3   12.677        0.6     999.9
    2002     327     8.7    -5.4   27.107        0.6     999.9
    2002     328     8.5    -5.7   25.060        0.5     999.9
    2002     329     8.4    -5.8   23.010        0.6     999.9
    2002     330     8.3    -5.9   20.960        0.6     999.9
    2002     331     8.2    -6.1   18.910        0.5     999.9
    2002     332     8.0    -6.3   16.861        0.5     999.9
    2002     333     7.8    -6.4   17.797        0.5     999.9
    2002     334     7.7    -6.5   16.954        0.5     999.9
    2002     335     7.6    -6.7   11.859        0.5     999.9
    2002     336     7.4    -6.8    7.375        0.5     999.9
    2002     337     7.3    -6.9   10.475        0.5     999.9
    2002     338     7.2    -7.1    9.500        0.5     999.9
    2002     339     7.1    -7.2   10.797        0.4     999.9
    2002     340     6.9    -7.3    7.838        0.4     999.9
    2002     341     6.7    -7.5    6.555        0.4     999.9
    2002     342     6.6    -7.6   14.091        0.4     999.9
    2002     343     6.4    -7.7   16.900        0.4     999.9
    2002     344     6.3    -7.8   13.064        0.4     999.9
    2002     345     6.2    -8.1   15.161        0.4     999.9
    2002     346     6.3    -8.1   14.871        0.3     999.9
    2002     347     6.2    -8.2   15.238        0.4     999.9
    2002     348     6.2    -8.2   17.664        0.4     999.9
    2002     349     6.1    -8.3   13.888        0.4     999.9
    2002     350     6.1    -8.4   10.474        0.4     999.9
    2002     351     5.9    -8.5   14.948        0.4     999.9
    2002     352     5.7    -8.7   16.274        0.4     999.9
    2002     353     5.6    -8.8   17.043        0.4     999.9
    2002     354     5.4    -8.9   24.778        0.4     999.9
    2002     355     5.3    -9.1   16.443        0.4     999.9
    2002     356     5.2    -9.2   12.777        0.4     999.9
    2002     357     5.2    -9.3   14.491        0.4     999.9
    2002     358     5.0    -9.4   11.984        0.4     999.9
    2002     359     4.9    -9.5   13.847        0.4     999.9
    2002     360     4.8    -9.6   11.989        0.4     999.9
    2002     361     4.7    -9.7    2.144        0.4     999.9
    2002     362     4.7    -9.7   17.311        0.4     999.9
    2002     363     4.6    -9.8   14.932        0.4     999.9
    2002     364     4.6    -9.8   20.355        0.4     999.9
    2002     365     4.7    -9.8   17.870        0.4     999.9
    2003       1     4.7    -9.8   13.860        0.4     999.9
    2003       2     4.7    -9.8    5.314        0.4     999.9
    2003       3     4.9    -9.8    6.397        0.4     999.9
    2003       4     4.9    -9.7    1.979        0.4     999.9
    2003       5     5.1    -9.6   10.345        0.4     999.9
    2003       6     5.1    -9.5    9.900        0.4     999.9
    2003       7     5.2    -9.5   23.079        0.4     999.9
    2003       8     5.3    -9.4   13.223        0.4     999.9
    2003       9     5.3    -9.4   17.872        0.4     999.9
    2003      10     5.3    -9.3   12.707        0.4     999.9
    2003      11     5.4    -9.3   16.485        0.4     999.9
    2003      12     5.4    -9.3    3.033        0.4     999.9
    2003      13     5.4    -9.3   21.736        0.4     999.9
    2003      14     5.4    -9.2   14.736        0.4     999.9
    2003      15     5.4    -9.2   10.972        0.4     999.9
    2003      16     5.6    -9.1   11.157        0.4     999.9
    2003      17     5.7    -9.0   13.558        0.4     999.9
    2003      18     5.8    -8.9    5.631        0.3     999.9
    2003      19     5.9    -8.8   12.237        0.3     999.9
    2003      20     5.9    -8.8   18.974        0.4     999.9
    2003      21     5.9    -8.7   17.170        0.4     999.9
    2003      22     5.9    -8.7   17.984        0.3     999.9
    2003      23     6.0    -8.7   17.804        0.3     999.9
    2003      24     6.1    -8.6   22.101        0.3     999.9
    2003      25     6.1    -8.6    8.927        0.4     999.9
    2003      26     6.2    -8.6    9.931        0.3     999.9
    2003      27     6.3    -8.4   20.617        0.4     999.9
    2003      28     6.3    -8.4   16.969        0.4     999.9
    2003      29     6.3    -8.3    9.863        0.4     999.9
    2003      30     6.4    -8.2   18.497        0.4     999.9
    2003      31     6.5    -8.2   19.216        0.4     999.9
    2003      32     6.6    -8.1   13.090        0.4     999.9
    2003      33     6.6    -8.1   14.827        0.4     999.9
    2003      34     6.6    -7.9   19.619        0.4     999.9
    2003      35     6.7    -7.8   25.000        0.4     999.9
    2003      36     6.8    -7.7   15.846        0.4     999.9
    2003      37     7.0    -7.6   12.907        0.4     999.9
    2003      38     7.1    -7.4    8.662        0.4     999.9
    2003      39     7.2    -7.3   19.507        0.4     999.9
    2003      40     7.3    -7.3   18.430        0.4     999.9
    2003      41     7.4    -7.2   22.723        0.3     999.9
    2003      42     7.6    -7.0   10.888        0.3     999.9
    2003      43     7.7    -6.9    6.113        0.3     999.9
    2003      44     7.8    -6.8   12.075        0.3     999.9
    2003      45     7.9    -6.6   11.972        0.3     999.9
    2003      46     8.2    -6.5    8.763        0.3     999.9
    2003      47     8.3    -6.4    2.788        0.3     999.9
    2003      48     8.5    -6.2   30.137        0.4     999.9
    2003      49     8.7    -6.1   23.159        0.4     999.9
    2003      50     8.8    -5.9   17.849        0.5     999.9
    2003      51     9.0    -5.8   19.626        0.5     999.9
    2003      52     9.2    -5.6   21.656        0.6     999.9
    2003      53     9.3    -5.4   23.021        0.7     999.9
    2003      54     9.6    -5.3   28.649        0.7     999.9
    2003      55     9.7    -5.1   20.249        0.7     999.9
    2003      56     9.8    -4.9   10.725        0.7     999.9
    2003      57    10.1    -4.8    7.978        0.7     999.9
    2003      58    10.2    -4.6   13.692        0.7     999.9
    2003      59    10.3    -4.5   12.844        0.7     999.9
    2003      60    10.5    -4.3    6.835        0.8     999.9
    2003      61    10.7    -4.2    1.708        0.8     999.9
    2003      62    10.9    -4.1    8.629        0.8     999.9
    2003      63    11.0    -3.9   23.608        0.9     999.9
    2003      64    11.1    -3.8   13.966        0.9     999.9
    2003      65    11.2    -3.7   12.293        0.9     999.9
    2003      66    11.3    -3.7   21.158        0.9     999.9
    2003      67    11.4    -3.6   13.005        1.0     999.9
    2003      68    11.5    -3.5   20.161        1.0     999.9
    2003      69    11.6    -3.4   17.925        1.0     999.9
    2003      70    11.7    -3.3   24.787        1.0     999.9
    2003      71    11.8    -3.2   23.429        1.0     999.9
    2003      72    12.0    -3.1   21.997        1.1     999.9
    2003      73    12.1    -2.9   26.434        1.1     999.9
    2003      74    11.9    -2.8   24.491        1.1     999.9
    2003      75    12.0    -2.8   25.194        1.2     999.9
    2003      76    12.1    -2.7    6.294        1.2     999.9
    2003      77    12.3    -2.6   15.630        1.2     999.9
    2003      78    12.4    -2.5   22.651        1.2     999.9
    2003      79    12.5    -2.4    7.912        1.2     999.9
    2003      80    12.6    -2.3   33.209        1.1     999.9
    2003      81    12.8    -2.2   18.381        1.2     999.9
    2003      82    13.0    -2.1   16.461        1.1     999.9
    2003      83    13.1    -1.9   17.891        1.1     999.9
    2003      84    13.2    -1.8   23.806        1.1     999.9
    2003      85    13.3    -1.7   20.081        1.1     999.9
    2003      86    13.4    -1.6   19.966        1.2     999.9
    2003      87    13.5    -1.4   16.737        1.2     999.9
    2003      88    13.6    -1.3   12.299        1.2     999.9
    2003      89    13.7    -1.2   19.638        1.2     999.9
    2003      90    13.9    -1.1   13.731        1.2     999.9
    2003      91    14.0    -1.1   11.159        1.2     999.9
    2003      92    14.2    -0.9   15.407        1.1     999.9
    2003      93    14.4    -0.8   17.443        1.1     999.9
    2003      94    14.6    -0.6   16.162        1.1     999.9
    2003      95    14.7    -0.4   27.793        1.2     999.9
    2003      96    14.8    -0.3   20.605        1.2     999.9
    2003      97    15.0    -0.1   26.228        1.3     999.9
    2003      98    15.2     0.1   26.126        1.4     999.9
    2003      99    15.4     0.2   19.987        1.4     999.9
    2003     100    15.6     0.4    8.336        1.5     999.9
    2003     101    15.7     0.6   11.086        1.6     999.9
    2003     102    15.8     0.7    7.283        1.6     999.9
    2003     103    16.1     0.9   10.806        1.6     999.9
    2003     104    16.2     1.1   18.284        1.6     999.9
    2003     105    16.3     1.3   11.552        1.7     999.9
    2003     106    16.4     1.5   15.270        1.8     999.9
    2003     107    16.6     1.7   22.590        1.8     999.9
    2003     108    16.8     1.9   25.561        1.8     999.9
    2003     109    17.0     2.1   26.848        1.8     999.9
    2003     110    17.2     2.2   23.935        1.8     999.9
    2003     111    17.3     2.4   16.166        1.8     999.9
    2003     112    17.4     2.6   26.381        1.9     999.9
    2003     113    17.6     2.7   24.916        1.9     999.9
    2003     114    17.7     2.9   21.593        2.0     999.9
    2003     115    17.8     3.1   14.885        2.0     999.9
    2003     116    18.1     3.3   22.286        1.9     999.9
    2003     117    18.2     3.4   14.213        1.9     999.9
    2003     118    18.4     3.6   16.563        1.9     999.9
    2003     119    18.5     3.7   18.252        2.0     999.9
    2003     120    18.7     3.9   15.215        2.0     999.9
    2003     121    18.9     4.1   20.278        2.0     999.9
    2003     122    19.0     4.3   10.020        2.1     999.9
    2003     123    19.1     4.4   14.866        2.3     999.9
    2003     124    19.3     4.5   22.620        2.2     999.9
    2003     125    19.5     4.7   23.380        2.2     999.9
    2003     126    19.7     4.9   23.292        2.2     999.9
    2003     127    19.8     5.1   10.907        2.1     999.9
    2003     128    19.9     5.2   11.289        2.2     999.9
    2003     129    20.0     5.3   16.863        2.2     999.9
    2003     130    20.1     5.5   10.682        2.1     999.9
    2003     131    20.3     5.7   22.636        2.1     999.9
    2003     132    20.5     5.8   13.223        2.2     999.9
    2003     133    20.7     6.0   21.485        2.2     999.9
    2003     134    20.9     6.2   22.724        2.1     999.9
    2003     135    21.1     6.3   20.529        2.1     999.9
    2003     136    21.3     6.5   23.819        2.1     999.9
    2003     137    21.4     6.7   17.484        2.1     999.9
    2003     138    21.6     6.8   27.090        2.2     999.9
    2003     139    21.7     6.9   26.275        2.2     999.9
    2003     140    21.8     7.1   12.099        2.3     999.9
    2003     141    22.0     7.3   14.040        2.2     999.9
    2003     142    22.2     7.4   18.350        2.2     999.9
    2003     143    22.4     7.6   15.966        2.2     999.9
    2003     144    22.6     7.7   20.912        2.2     999.9
    2003     145    22.7     7.9   13.140        2.4     999.9
    2003     146    22.9     8.1   28.183        2.5     999.9
    2003     147    23.1     8.2   21.759        2.5     999.9
    2003     148    23.3     8.4   12.093        2.4     999.9
    2003     149    23.4     8.6   17.951        2.4     999.9
    2003     150    23.6     8.7   19.796        2.4     999.9
    2003     151    23.7     8.8   18.621        2.3     999.9
    2003     152    23.9     8.9   24.296        2.1     999.9
    2003     153    24.0     9.1   18.566        2.1     999.9
    2003     154    24.1     9.2   18.306        2.2     999.9
    2003     155    24.3     9.3   22.610        2.2     999.9
    2003     156    24.4     9.4   18.299        2.2     999.9
    2003     157    24.7     9.6   23.803        2.0     999.9
    2003     158    24.9     9.7   14.404        2.0     999.9
    2003     159    25.2     9.9   17.619        2.0     999.9
    2003     160    25.4    10.0   16.371        1.9     999.9
    2003     161    25.7    10.2   19.156        1.9     999.9
    2003     162    25.9    10.4   23.665        2.0     999.9
    2003     163    26.1    10.5   29.474        2.0     999.9
    2003     164    26.3    10.7   28.481        1.8     999.9
    2003     165    26.6    10.8   25.062        1.8     999.9
    2003     166    26.8    11.0   32.030        1.7     999.9
    2003     167    27.1    11.2   24.496        1.7     999.9
    2003     168    27.2    11.3   19.892        1.5     999.9
    2003     169    27.4    11.4   15.630        1.5     999.9
    2003     170    27.6    11.6   22.993        1.5     999.9
    2003     171    27.8    11.7   28.593        1.5     999.9
    2003     172    27.9    11.8   26.130        1.4     999.9
    2003     173    28.2    11.9   29.463        1.4     999.9
    2003     174    28.3    12.1   19.621        1.2     999.9
    2003     175    28.5    12.2   33.086        1.1     999.9
    2003     176    28.7    12.4   32.941        1.1     999.9
    2003     177    28.8    12.5   30.735        1.1     999.9
    2003     178    28.9    12.6   28.025        1.1     999.9
    2003     179    29.1    12.7   26.398        1.1     999.9
    2003     180    29.2    12.8   14.972        1.1     999.9
    2003     181    29.3    12.9   10.050        1.1     999.9
    2003     182    29.4    13.1   16.586        1.1     999.9
    2003     183    29.6    13.2   21.854        1.0     999.9
    2003     184    29.7    13.3   27.385        1.0     999.9
    2003     185    29.7    13.4   25.328        1.0     999.9
    2003     186    29.8    13.6   23.292        1.0     999.9
    2003     187    29.7    13.6   25.094        1.1     999.9
    2003     188    29.8    13.7   29.086        1.1     999.9
    2003     189    29.8    13.7   25.953        1.2     999.9
    2003     190    29.8    13.8   19.202        1.1     999.9
    2003     191    29.7    13.9   31.781        1.1     999.9
    2003     192    29.8    13.9   27.969        1.2     999.9
    2003     193    29.7    13.9   20.855        1.2     999.9
    2003     194    29.7    14.0   20.623        1.2     999.9
    2003     195    29.7    14.0   28.068        1.3     999.9
    2003     196    29.7    14.1   24.374        1.4     999.9
    2003     197    29.7    14.1   26.496        1.6     999.9
    2003     198    29.7    14.1   20.927        1.5     999.9
    2003     199    29.6    14.2   19.440        1.5     999.9
    2003     200    29.6    14.2   16.189        1.6     999.9
    2003     201    29.5    14.2   11.550        1.7     999.9
    2003     202    29.4    14.2   12.305        1.8     999.9
    2003     203    29.3    14.2   20.120        1.8     999.9
    2003     204    29.3    14.1   27.765        1.8     999.9
    2003     205    29.3    14.1   23.316        1.8     999.9
    2003     206    29.2    14.1   10.949        1.8     999.9
    2003     207    29.2    14.1   23.591        1.8     999.9
    2003     208    29.1    14.1   33.007        1.9     999.9
    2003     209    29.1    14.0   24.861        1.8     999.9
    2003     210    29.1    14.0   16.937        1.8     999.9
    2003     211    29.0    13.9   27.933        1.9     999.9
    2003     212    28.9    13.9   25.717        1.9     999.9
    2003     213    28.8    13.9   31.635        1.9     999.9
    2003     214    28.8    13.8   20.041        1.9     999.9
    2003     215    28.8    13.8   10.005        1.9     999.9
    2003     216    28.8    13.7   27.882        1.8     999.9
    2003     217    28.8    13.7   27.776        1.8     999.9
    2003     218    28.8    13.7   25.358        1.7     999.9
    2003     219    28.7    13.7   26.820        1.7     999.9
    2003     220    28.7    13.6   19.365        1.6     999.9
    2003     221    28.7    13.6   28.656        1.5     999.9
    2003     222    28.7    13.6   17.451        1.5     999.9
    2003     223    28.7    13.5   11.854        1.5     999.9
    2003     224    28.6    13.4   22.388        1.5     999.9
    2003     225    28.6    13.4   19.672        1.3     999.9
    2003     226    28.6    13.3   11.701        1.2     999.9
    2003     227    28.6    13.2    7.446        1.2     999.9
    2003     228    28.5    13.2   20.762        1.2     999.9
    2003     229    28.5    13.1   16.393        1.1     999.9
    2003     230    28.4    13.0    7.780        1.1     999.9
    2003     231    28.4    12.9   19.376        1.0     999.9
    2003     232    28.4    12.8   30.153        1.0     999.9
    2003     233    28.3    12.7   18.946        0.9     999.9
    2003     234    28.3    12.7   15.928        0.9     999.9
    2003     235    28.2    12.6   25.084        1.0     999.9
    2003     236    28.1    12.4   20.083        1.0     999.9
    2003     237    28.1    12.3   16.276        1.0     999.9
    2003     238    27.9    12.2   23.415        0.9     999.9
    2003     239    27.9    12.1   16.064        0.9     999.9
    2003     240    27.8    12.0   17.017        0.9     999.9
    2003     241    27.6    11.9   29.163        1.0     999.9
    2003     242    27.4    11.7   25.730        1.0     999.9
    2003     243    27.3    11.6   25.184        1.0     999.9
    2003     244    27.1    11.3   25.423        1.0     999.9
    2003     245    26.9    11.2   30.092        1.0     999.9
    2003     246    26.8    10.9   17.173        1.0     999.9
    2003     247    26.7    10.8   10.035        1.0     999.9
    2003     248    26.4    10.6   21.600        1.1     999.9
    2003     249    26.2    10.3   33.157        1.2     999.9
    2003     250    25.9    10.1   30.123        1.2     999.9
    2003     251    25.7     9.8   16.272        1.2     999.9
    2003     252    25.4     9.6   28.292        1.2     999.9
    2003     253    25.2     9.4   19.446        1.1     999.9
    2003     254    25.0     9.1   15.217        1.1     999.9
    2003     255    24.8     8.9   21.973        1.1     999.9
    2003     256    24.6     8.7   17.475        1.1     999.9
    2003     257    24.3     8.4   17.347        1.2     999.9
    2003     258    24.2     8.2   22.852        1.2     999.9
    2003     259    24.0     8.0   21.832        1.2     999.9
    2003     260    23.8     7.8   14.630        1.1     999.9
    2003     261    23.6     7.6   32.878        1.1     999.9
    2003     262    23.3     7.4   21.126        1.1     999.9
    2003     263    23.1     7.2   16.263        1.1     999.9
    2003     264    22.8     6.9   30.755        1.2     999.9
    2003     265    22.5     6.7   23.490        1.1     999.9
    2003     266    22.3     6.5   23.607        1.1     999.9
    2003     267    22.1     6.3    9.161        1.1     999.9
    2003     268    21.8     6.0   15.101        1.1     999.9
    2003     269    21.7     5.7   16.066        1.0     999.9
    2003     270    21.6     5.5   10.464        1.0     999.9
    2003     271    21.6     5.3    9.373        0.9     999.9
    2003     272    21.4     5.2   15.544        0.9     999.9
    2003     273    21.2     5.0   19.137        0.8     999.9
    2003     274    21.0     4.8   20.277        0.9     999.9
    2003     275    20.8     4.6    8.016        0.9     999.9
    2003     276    20.5     4.4   19.672        0.9     999.9
    2003     277    20.3     4.2   19.255        0.8     999.9
    2003     278    20.2     4.0   21.149        0.8     999.9
    2003     279    20.1     3.8   19.618        0.7     999.9
    2003     280    19.9     3.7   28.082        0.7     999.9
    2003     281    19.8     3.6   12.137        0.8     999.9
    2003     282    19.6     3.4   20.423        0.8     999.9
    2003     283    19.4     3.2   22.320        0.8     999.9
    2003     284    19.1     2.9   22.100        0.8     999.9
    2003     285    18.9     2.8   26.352        0.8     999.9
    2003     286    18.8     2.7   19.751        0.8     999.9
    2003     287    18.6     2.4   17.937        0.8     999.9
    2003     288    18.3     2.2   19.944        0.8     999.9
    2003     289    17.9     2.1   23.198        0.8     999.9
    2003     290    17.6     1.8    9.306        0.8     999.9
    2003     291    17.3     1.6   17.802        0.9     999.9
    2003     292    17.1     1.4   26.779        0.9     999.9
    2003     293    16.8     1.2   17.673        0.9     999.9
    2003     294    16.6     1.0    9.154        0.9     999.9
    2003     295    16.3     0.8   17.281        0.9     999.9
    2003     296    16.1     0.6   18.753        0.9     999.9
    2003     297    15.9     0.5   14.972        0.9     999.9
    2003     298    15.6     0.3   22.699        0.9     999.9
    2003     299    15.2     0.2   24.550        0.9     999.9
    2003     300    14.9    -0.1   17.158        0.9     999.9
    2003     301    14.6    -0.3   18.556        0.9     999.9
    2003     302    14.3    -0.6   23.417        0.9     999.9
    2003     303    14.1    -0.7   16.518        0.9     999.9
    2003     304    13.8    -0.9   24.571        0.9     999.9
    2003     305    13.6    -1.2   18.318        0.9     999.9
    2003     306    13.3    -1.4   26.020        0.9     999.9
    2003     307    13.1    -1.6   22.453        0.8     999.9
    2003     308    12.8    -1.7   17.633        0.9     999.9
    2003     309    12.6    -1.9   10.788        0.9     999.9
    2003     310    12.3    -2.2   18.431        0.9     999.9
    2003     311    12.0    -2.4    9.960        0.8     999.9
    2003     312    11.8    -2.6   14.115        0.8     999.9
    2003     313    11.5    -2.8   16.008        0.8     999.9
    2003     314    11.2    -3.1   21.096        0.8     999.9
    2003     315    10.9    -3.3   15.925        0.8     999.9
    2003     316    10.7    -3.4   13.678        0.8     999.9
    2003     317    10.4    -3.7   16.432        0.8     999.9
    2003     318    10.2    -3.9   12.588        0.7     999.9
    2003     319    10.1    -4.1   22.234        0.7     999.9
    2003     320     9.9    -4.3   25.138        0.7     999.9
    2003     321     9.8    -4.5   22.741        0.6     999.9
    2003     322     9.6    -4.6   17.389        0.6     999.9
    2003     323     9.4    -4.8   16.771        0.6     999.9
    2003     324     9.3    -4.9    9.056        0.6     999.9
    2003     325     9.2    -5.1   17.310        0.6     999.9
    2003     326     8.9    -5.3   12.677        0.6     999.9
    2003     327     8.7    -5.4   27.107        0.6     999.9
    2003     328     8.5    -5.7   25.060        0.5     999.9
    2003     329     8.4    -5.8   23.010        0.6     999.9
    2003     330     8.3    -5.9   20.960        0.6     999.9
    2003     331     8.2    -6.1   18.910        0.5     999.9
    2003     332     8.0    -6.3   16.861        0.5     999.9
    2003     333     7.8    -6.4   17.797        0.5     999.9
    2003     334     7.7    -6.5   16.954        0.5     999.9
    2003     335     7.6    -6.7   11.859        0.5     999.9
    2003     336     7.4    -6.8    7.375        0.5     999.9
    2003     337     7.3    -6.9   10.475        0.5     999.9
    2003     338     7.2    -7.1    9.500        0.5     999.9
    2003     339     7.1    -7.2   10.797        0.4     999.9
    2003     340     6.9    -7.3    7.838        0.4     999.9
    2003     341     6.7    -7.5    6.555        0.4     999.9
    2003     342     6.6    -7.6   14.091        0.4     999.9
    2003     343     6.4    -7.7   16.900        0.4     999.9
    2003     344     6.3    -7.8   13.064        0.4     999.9
    2003     345     6.2    -8.1   15.161        0.4     999.9
    2003     346     6.3    -8.1   14.871        0.3     999.9
    2003     347     6.2    -8.2   15.238        0.4     999.9
    2003     348     6.2    -8.2   17.664        0.4     999.9
    2003     349     6.1    -8.3   13.888        0.4     999.9
    2003     350     6.1    -8.4   10.474        0.4     999.9
    2003     351     5.9    -8.5   14.948        0.4     999.9
    2003     352     5.7    -8.7   16.274        0.4     999.9
    2003     353     5.6    -8.8   17.043        0.4     999.9
    2003     354     5.4    -8.9   24.778        0.4     999.9
    2003     355     5.3    -9.1   16.443        0.4     999.9
    2003     356     5.2    -9.2   12.777        0.4     999.9
    2003     357     5.2    -9.3   14.491        0.4     999.9
    2003     358     5.0    -9.4   11.984        0.4     999.9
    2003     359     4.9    -9.5   13.847        0.4     999.9
    2003     360     4.8    -9.6   11.989        0.4     999.9
    2003     361     4.7    -9.7    2.144        0.4     999.9
    2003     362     4.7    -9.7   17.311        0.4     999.9
    2003     363     4.6    -9.8   14.932        0.4     999.9
    2003     364     4.6    -9.8   20.355        0.4     999.9
    2003     365     4.7    -9.8   17.870        0.4     999.9
