1977   262         26.1          8.0         19.8        .0           999.9   17.9
1977   263         34.5          9.0         19.1        .0            22.4
1977   264         28.8         12.6         19.2        .0            21.4
1977   265         27.7         10.3         18.1        .0            20.6
1977   266         31.2         10.8         16.8        .0            20.9
1977   267         26.9          4.9         19.1        .0            18.8
1977   268         28.2          7.0         19.1        .0            18.1
1977   269         33.4          8.7         17.3        .0            20.0
1977   270         28.5         10.8         17.3        .0            20.7
1977   271         23.4         13.1         10.8       2.5            19.7
1977   272         27.5         17.5         11.9        .0            21.4
1977   273         30.2         15.5         15.3        .0            22.9
1977   274         21.1         10.3         18.2        .0            19.6
1977   275         18.1          6.2         16.6        .0            15.3
1977   276         23.7          5.9         17.8        .0            14.8
1977   277         24.5          6.7         17.8        .0            15.9
1977   278         14.6          8.9         10.2       2.5            14.4
1977   279         16.2          6.2         10.1      17.8            12.8
1977   280         25.1          6.4         15.6        .0            14.6
1977   281         19.9          5.1         16.3        .0            14.5
1977   282         23.9          2.0         17.1        .0            14.0
1977   283         10.3          5.1         13.8        .0            11.1
1977   284         14.6          -.9         16.8        .0             8.9
1977   285         21.0         -3.2         16.6        .0             9.2
1977   286         26.9         -2.4         16.5        .0            11.6
1977   287         22.9          1.2         16.3        .0            12.8
1977   288         14.6          4.9         15.4        .0            11.9
1977   289         26.7           .7         16.1        .0            13.1
1977   290         20.8          2.8         15.9        .0            13.3
1977   291         22.4          2.8         15.8        .0            13.4
1977   292         25.1           .7         15.7        .0            13.7
1977   293         29.3          1.7         13.7        .0            14.8
1977   294         23.5         10.2         14.2        .0            16.7
1977   295         15.8          8.0         11.9        .0            13.6
1977   296         19.1          5.1         12.9        .0            14.5
1977   297         21.3          5.6         11.6        .0            14.0
1977   298         27.3          5.2         14.5        .0            14.6
1977   299         29.5          4.8         14.7        .0            15.0
1977   300         25.0          8.4         10.7        .0            14.9
1977   301         23.8          5.3         11.7        .0            14.1
1977   302         22.4          3.7         13.2        .0            14.4
1977   303         22.0          7.3         11.8        .0            15.7
1977   304         20.9          3.1         12.0      12.7            13.2
1977   305          8.4           .3          3.7       5.1             6.5
1977   306         14.9          -.3         13.8        .0             6.4
1977   307         14.4          1.1         13.3        .0             6.9
1977   308         17.3           .0         10.8        .0             7.5
1977   309         20.7          6.4         12.8        .0            10.5
1977   310         22.4          8.3         12.7        .0            13.1
1977   311         16.2          8.9          4.2        .0            11.7
1977   312         12.4         -1.3          5.7        .0             7.5
1977   313          5.6         -5.4         12.6        .0             2.4
1977   314         15.4         -7.0         12.6        .0             3.5
1977   315         19.0         -1.5         12.3        .0             6.0
1977   316         18.2          1.9          9.1        .0             6.8
1977   317         21.3           .0         12.3        .0             7.3
1977   318         19.7           .0          9.3        .0             6.5
1977   319         18.0          1.4         10.6        .0             7.5
1977   320         13.1         -1.2         10.8        .0             6.2
1977   321         13.0          -.7         10.9        .0             5.6
1977   322         15.4           .8          8.0        .0             6.0
1977   323         15.6         -4.4          4.8        .0             5.7
1977   324         13.9         -9.4         10.3        .0             2.4
1977   325           .1        -12.4          8.3        .0             -.3
1977   326         11.0         -7.7         10.1        .0             2.2
1977   327         11.1         -4.2          8.4        .0             3.4
1977   328         12.5         -7.0          8.6        .0             3.0
1977   329         14.4          -.6         10.0        .0             5.9
1977   330         13.1         -2.7          6.1        .0             4.4
1977   331          8.5           .6          8.2        .0             4.7
1977   332          4.4           .0          4.0       2.5             3.1
1977   333          8.8          -.8          8.5        .0             3.1
1977   334          7.2         -4.7          6.2        .0             2.7
1977   335          7.9         -5.7          7.3        .0              .5
1977   336         14.6         -4.3          7.4        .0             2.5
1977   337         20.5           .0          7.2        .0             5.1
1977   338         10.3          1.8          2.7       2.5             5.9
1977   339          3.6         -9.4          3.9       2.5              .7
1977   340          -.4        -12.1          8.9        .0            -2.2
1977   341         13.7         -9.3          9.2        .0            -1.0
1977   342           .6        -14.2          7.7        .0            -1.3
1977   343         -7.8        -16.1          9.7        .0            -4.6
1977   344          5.3        -11.9          9.1        .0            -3.3
1977   345         12.0         -7.7         10.0        .0            -1.0
1977   346         21.1         -2.3          8.7        .0             1.8
1977   347         13.2         -2.8         10.0        .0             1.7
1977   348         19.7         -2.9          7.6        .0             2.0
1977   349         19.5          -.6          9.2        .0             4.2
1977   350          9.1          2.1          2.4        .0             3.7
1977   351         11.2         -4.1          9.6        .0             2.0
1977   352         18.9         -5.4          9.2        .0             2.2
1977   353          4.8         -6.4          9.5        .0             1.2
1977   354          3.6         -7.5          7.9        .0             -.6
1977   355          8.1         -8.5          9.8        .0             -.8
1977   356         16.7         -3.5          5.9        .0              .9
1977   357         17.8         -5.2          9.6        .0             2.4
1977   358          3.2         -9.5          8.5        .0              .7
1977   359          5.0        -11.1          9.6        .0            -1.1
1977   360          6.9         -8.5          9.7        .0             -.8
1977   361          5.6        -10.3          7.9        .0            -1.1
1977   362          8.1         -9.5          9.7        .0              .0
1977   363         15.6         -5.7          8.9        .0             1.1
1977   364         11.3         -6.3          8.8        .0             1.7
1977   365          3.4        -12.4          6.0        .0              .0
1978     1         -3.1        -14.7          9.1        .0            -3.9
1978     2          7.6        -14.6         10.1        .0            -3.3
1978     3         10.6        -11.2          8.3        .0            -1.5
1978     4          9.2         -6.4          5.5        .0              .3
1978     5         13.2         -6.4          8.4        .0              .3
1978     6         18.3         -5.0          8.1        .0              .9
1978     7         10.4         -4.8          7.2        .0             1.2
1978     8         -3.6        -11.1         10.0        .0             -.8
1978     9         -4.9        -13.0         10.0        .0            -5.5
1978    10         -5.7        -12.1          5.4       2.5            -5.0
1978    11         -1.5        -11.3          9.1        .0            -4.2
1978    12         14.1        -12.6          9.7        .0            -1.3
1978    13          5.8        -13.5         10.6        .0             -.1
1978    14          4.9        -14.6          9.4        .0            -2.3
1978    15           .5         -7.1          7.6        .0             -.4
1978    16         -5.7        -21.0         10.1        .0            -2.8
1978    17         -7.7        -22.0          9.9        .0            -5.1
1978    18         -8.2        -15.8          6.5        .0            -4.3
1978    19        -10.4        -21.5          8.4        .0            -5.4
1978    20        -11.3        -17.4          5.5        .0            -5.4
1978    21          1.8        -12.0         11.0        .0            -3.4
1978    22          8.6        -12.3         11.5        .0            -2.1
1978    23           .1         -5.4          1.7        .0             -.4
1978    24           .1         -9.3          8.5        .0            -1.3
1978    25         -2.4        -10.7          8.8        .0            -4.4
1978    26          -.2        -14.7         10.9        .0            -4.2
1978    27          1.6         -8.1          8.4        .0            -2.6
1978    28          1.2         -8.2         11.3        .0            -2.6
1978    29         -6.0         -8.9          2.6        .0            -4.5
1978    30           .8         -6.4          6.5        .0            -2.1
1978    31          -.4         -8.2          6.1        .0            -2.9
1978    32         -1.2        -14.5          6.3        .0            -2.5
1978    33           .5        -16.8         12.6        .0            -4.9
1978    34         10.5         -8.0         11.5        .0             -.7
1978    35         13.0         -4.8         13.3        .0             1.8
1978    36           .1         -8.6         10.9        .0             -.7
1978    37         -6.5         -8.1          3.1        .0            -3.4
1978    38         -8.1        -10.8          6.7        .0            -2.1
1978    39         -7.4         -9.3          5.4        .0            -2.1
1978    40         -4.3        -15.5         13.6        .0            -1.8
1978    41         -5.7        -13.8          9.5        .0            -1.8
1978    42         -2.9         -6.5          8.1        .0            -1.1
1978    43         -2.8         -7.0          8.6       2.5             -.7
1978    44         -6.6        -13.5         15.0        .0            -1.8
1978    45         -5.1        -18.0         13.0        .0            -2.9
1978    46         -2.5        -16.0         14.9        .0            -1.9
1978    47         -6.8        -18.2         11.5        .0            -2.7
1978    48         -2.2        -21.1         15.5        .0            -3.5
1978    49           .0        -18.3         16.0        .0            -3.7
1978    50          1.3        -12.7         15.5        .0            -2.9
1978    51          -.9        -16.5         16.6       2.5            -2.0
1978    52          3.0        -20.0         16.1        .0            -3.7
1978    53          6.4         -5.5         16.8        .0             -.9
1978    54          8.4         -4.6         16.8        .0             1.3
1978    55         11.9         -1.9         17.0        .0             2.8
1978    56          5.2         -4.3         14.8        .0             1.6
1978    57          4.7         -1.7         11.9        .0              .8
1978    58          6.4          -.3         12.5        .0             2.5
1978    59           .1         -5.5          4.7        .0              .5
1978    60         -1.0         -5.4          2.3        .0              .0
1978    61          -.3        -10.2          8.4        .0             -.6
1978    62         -8.6        -13.2          8.7        .0            -5.0
1978    63           .5        -15.2         17.9        .0            -3.3
1978    64         17.6         -3.8         18.0        .0             2.4
1978    65          7.7         -2.0         15.7        .0             2.6
1978    66          5.0         -3.1         13.0        .0             1.3
1978    67         10.1         -2.7         16.6        .0             3.2
1978    68         20.1         -4.3         18.6        .0             4.8
1978    69         17.4           .7         13.0        .0             5.6
1978    70         11.4          -.4         17.8        .0             5.5
1978    71         15.1         -1.6         12.9        .0             4.7
1978    72          7.1           .0          8.6        .0             3.6
1978    73         13.3         -2.1         13.7       7.6             4.7
1978    74          8.3         -1.1         17.4      10.2             3.5
1978    75         10.1         -1.4         20.4        .0             3.6
1978    76         19.9         -2.0         20.3        .0             6.6
1978    77         26.7          5.2         19.4        .0             9.0
1978    78         12.1           .5         17.8        .0             7.1
1978    79         18.9          -.1         17.4        .0             7.6
1978    80         24.8           .7         21.2        .0            10.3
1978    81         20.6          6.8         20.5        .0            12.4
1978    82          7.1          -.1          4.5        .0             5.0
1978    83          8.7         -1.1         19.8        .0             6.3
1978    84          8.7         -1.9          9.2        .0             4.6
1978    85         19.5         -1.4         22.2        .0             8.5
1978    86         24.2           .0         22.0        .0            11.5
1978    87         26.6          3.6         20.3        .0            13.1
1978    88         23.9          5.8         20.6        .0            15.2
1978    89         26.7          5.9         22.2        .0            15.6
1978    90         29.7         10.3         22.2        .0            17.3
1978    91         19.1          9.5         16.3        .0            14.6
1978    92         23.9          2.6         23.3        .0            15.3
1978    93         24.5          4.4         17.1        .0            14.2
1978    94         20.8          4.6         23.4        .0            15.5
1978    95         27.7          9.2         19.9        .0            17.9
1978    96         23.9          2.9         23.3        .0            16.3
1978    97         30.7          9.1         23.6        .0            19.6
1978    98         28.0         15.4         18.8        .0            20.1
1978    99         24.8          4.4         13.2       2.5            15.7
1978   100         11.9         -2.5         18.6        .0            10.9
1978   101         24.1         -4.6         24.7        .0            12.8
1978   102         18.0          3.6         24.6        .0            15.3
1978   103         21.7          -.3         20.7        .0            14.3
1978   104         18.4          3.9         20.3        .0            15.4
1978   105          9.6          4.9          4.6        .0            11.4
1978   106          8.7          5.6          3.9        .0            10.5
1978   107         13.9          3.8         13.6       2.5            10.5
1978   108         15.2          2.2         18.4        .0             9.0
1978   109         11.1           .3         12.7        .0             8.5
1978   110         15.1         -2.1         22.1        .0            10.6
1978   111         17.2          -.5         21.9        .0            11.3
1978   112         18.3          3.2         25.4        .0            12.4
1978   113         21.9          -.4         26.4        .0            13.2
1978   114         19.0          1.7         25.2        .0            14.2
1978   115         17.3         -2.2         22.9        .0            13.7
1978   116         22.4          5.8         20.1        .0            14.8
1978   117         25.3          9.5         20.9        .0            16.5
1978   118         26.8          4.7         25.9        .0            19.0
1978   119         24.5          5.8         24.7        .0            19.1
1978   120         15.6         10.3          7.6      35.6            14.9
1978   121         10.4          4.1          3.1      20.3            10.2
1978   122          8.1          3.8          8.3        .0             9.2
1978   123          6.2           .7          7.7      10.2             7.9
1978   124         12.9           .7         15.3        .0            10.3
1978   125          8.5          3.6          5.7      17.8             9.0
1978   126          6.6          5.0          3.4       2.5             8.0
1978   127         17.1          4.9         21.4        .0            12.1
1978   128         18.4          3.1         26.8        .0            13.2
1978   129         21.4          3.2         28.0        .0            14.6
1978   130         27.0          9.5         27.1        .0            16.6
1978   131         27.6         11.9         26.7        .0            19.1
1978   132         20.1          9.1         25.8        .0            16.8
1978   133         23.7          3.7         28.5        .0            17.7
1978   134         28.7          7.0         27.4        .0            20.0
1978   135         25.3          9.8         28.1        .0            21.0
1978   136         23.4          8.8         26.1        .0            21.0
1978   137         15.5         11.9          3.0        .0            16.3
1978   138         26.0         14.4         26.7        .0            20.9
1978   139         27.9         17.4         22.9        .0            22.6
1978   140         21.8         10.4         22.2        .0            20.8
1978   141         20.3         11.5         10.9        .0            18.3
1978   142         28.2         13.0         27.9        .0            22.3
1978   143         32.1         12.0         25.1        .0            23.2
1978   144         30.2         17.2         23.5        .0            23.0
1978   145         29.7         14.0         21.8      12.7            22.9
1978   146         28.6         14.7         22.6        .0            20.9
1978   147         24.7         13.6         16.5        .0            20.1
1978   148         21.4         10.7         24.7        .0            19.3
1978   149         27.6          9.1         27.5        .0            20.7
1978   150         31.7         11.9         17.9       7.6            20.5
1978   151         19.5         12.1         13.6        .0            17.8
1978   152         21.9         10.3         22.6        .0            18.8
1978   153         20.3         11.2         16.5        .0            17.9
1978   154         24.3         12.8         18.4       2.5            19.6
1978   155         22.9         12.5         19.9      30.5            19.8
1978   156         23.8         13.1         16.8      33.0            20.5
1978   157         23.2         13.1         23.6        .0            21.5
1978   158         24.0         12.2         27.9        .0            22.0
1978   159         25.4         10.5         26.3        .0            22.2
1978   160         29.9         10.6         28.1        .0            22.4
1978   161         31.8         17.5         28.1        .0            24.1
1978   162         29.6         15.5         28.0        .0            25.1
1978   163         27.0         13.3         26.4        .0            24.8
1978   164         31.4         13.6         26.4        .0            25.0
1978   165         35.4         17.5         27.9        .0            27.6
1978   166         38.1         21.1         28.6        .0            29.7
1978   167         40.3         22.0         29.3        .0            31.0
1978   168         30.5         19.4         28.3        .0            29.9
1978   169         29.1         15.7         23.9        .0            27.9
1978   170         34.0         16.9         18.6       5.1            27.0
1978   171         24.2         14.8         20.9        .0            22.9
1978   172         26.6         15.2         12.2        .0            22.1
1978   173         38.5         18.3         27.7        .0            27.3
1978   174         34.2         17.3         27.2        .0            28.7
1978   175         39.2         19.4         28.3        .0            30.3
1978   176         41.6         21.1         28.6        .0            32.1
1978   177         40.0         18.3        999.9        .0           999.9
1978   178         31.7         16.7        999.9        .0           999.9
1978   179         36.7         17.8        999.9        .0           999.9
1978   180         28.9         14.4        999.9        .0           999.9
1978   181         36.1         16.1        999.9        .0           999.9
1978   182         28.3         12.2        999.9        .0           999.9
1978   183         30.0         15.6        999.9        .0           999.9
1978   184         36.1         15.0        999.9        .0           999.9
1978   185         36.1         21.1        999.9        .0           999.9
1978   186         34.4         20.0        999.9        .0           999.9
1978   187         35.6         17.8        999.9        .0           999.9
1978   188         36.1         20.0        999.9        .0           999.9
1978   189         35.0         17.8        999.9        .0           999.9
1978   190         30.6         16.7        999.9       7.6           999.9
1978   191         30.0         17.8        999.9       7.6           999.9
1978   192         36.1         18.9        999.9        .0           999.9
1978   193         32.2         17.2        999.9        .0           999.9
1978   194         33.3         19.4        999.9        .0           999.9
1978   195         33.9         20.0        999.9        .0           999.9
1978   196         35.0         18.9        999.9       2.5           999.9
1978   197         35.0         19.4        999.9        .0           999.9
1978   198         35.0         20.0        999.9        .0           999.9
1978   199         36.1         21.1        999.9        .0           999.9
1978   200         36.1         22.2        999.9        .0           999.9
1978   201         35.6         20.0        999.9        .0           999.9
1978   202         34.4         17.8        999.9        .0           999.9
1978   203         31.1         20.0        999.9       7.6           999.9
1978   204         31.1         19.4        999.9       2.5           999.9
1978   205         35.0         19.4        999.9        .0           999.9
1978   206         37.8         18.9        999.9        .0           999.9
1978   207         30.0         15.6        999.9      15.2           999.9
1978   208         20.0         18.9        999.9       2.5           999.9
1978   209         25.6         17.8        999.9        .0           999.9
1978   210         34.4         17.8        999.9        .0           999.9
1978   211         33.3         18.3        999.9        .0           999.9
1978   212         37.2         17.2        999.9        .0           999.9