1979   260         26.4          8.4         19.2        .0           999.9   18.2
1979   261         26.9          8.7         20.4        .0            18.6
1979   262         26.9          8.9         20.3        .0            18.6
1979   263         28.8          8.7         19.7        .0            19.1
1979   264         20.5          6.7         18.2        .0            16.8
1979   265         28.0          6.4         20.7        .0            16.8
1979   266         31.8          8.5         20.5        .0            19.2
1979   267         33.3         12.1         20.3        .0            21.9
1979   268         28.0         11.8         20.2        .0            21.5
1979   269         33.3         13.1         19.9        .0            22.6
1979   270         30.7         10.6         18.1        .0            22.1
1979   271         28.0         13.0         17.3        .0            21.4
1979   272         32.0         10.0         19.6        .0            21.4
1979   273         32.8          8.5         19.4        .0            21.4
1979   274         23.2          8.7         18.8        .0            18.9
1979   275         33.6          5.9         19.1        .0            19.2
1979   276         17.5          8.2         18.3        .0            16.5
1979   277         22.4          2.0         18.8        .0            14.1
1979   278         28.8          2.8         17.6        .0            15.1
1979   279         29.1          5.1         17.9        .0            17.0
1979   280         31.2          6.2         16.8        .0            18.7
1979   281         33.3          9.5         15.0        .0            20.7
1979   282         13.5          6.4         14.8        .0            15.8
1979   283         25.6           .5         14.5        .0            13.7
1979   284         30.7          2.8         17.7        .0            15.7
1979   285         22.6          9.3         15.4        .0            16.8
1979   286         16.2          1.5         17.4        .0            13.2
1979   287         26.4          1.8         15.9        .0            13.4
1979   288         28.8          6.3         15.5        .0            16.4
1979   289         27.5          6.4         15.1        .0            17.7
1979   290         20.5          4.8         14.9        .0            15.6
1979   291         25.1          5.4         13.1        .0            15.4
1979   292         29.6          6.9         15.5        .0            17.1
1979   293         25.8          7.3         16.4        .0            17.7
1979   294         11.8          -.1          6.7       5.1            12.7
1979   295         13.6          -.2         16.6       2.5             9.1
1979   296         22.3         -1.4         16.2        .0            10.8
1979   297         24.6          2.0         16.2        .0            12.5
1979   298         24.6           .7         15.6        .0            12.6
1979   299         30.2          4.0         15.9        .0            14.2
1979   300         18.1          2.6         15.5        .0            13.3
1979   301         20.0          -.7         15.3        .0            11.4
1979   302         21.8          7.5         13.3        .0            13.3
1979   303          7.8           .2          1.2      30.5             7.0
1979   304          5.0         -1.2         15.1        .0             4.1
1979   305          7.4         -3.0         15.1        .0             4.2
1979   306          8.5         -1.7         15.0        .0             4.6
1979   307         14.6         -3.2         15.2        .0             4.6
1979   308         16.0          2.6          8.9        .0             7.1
1979   309         11.0         -2.4          9.3        .0             5.9
1979   310          6.7         -5.2         13.5        .0             4.2
1979   311         11.9           .1         10.1        .0             5.9
1979   312          4.4          1.3          2.5        .0             5.3
1979   313          5.0         -1.9         12.4        .0             4.8
1979   314          2.5         -3.3          8.3        .0             3.1
1979   315          4.7         -4.4          5.9        .0             2.2
1979   316          7.3         -5.1         12.8        .0             3.3
1979   317         13.8         -6.2         13.3        .0             2.9
1979   318         14.0         -4.1         12.5        .0             1.8
1979   319         18.5         -3.1         13.3        .0             2.7
1979   320         18.8         -2.4         12.6        .0             3.2
1979   321         20.9         -2.3         12.8        .0             5.6
1979   322         17.2          3.6         11.7        .0             7.3
1979   323         15.0         -1.3         11.9        .0             6.2
1979   324          7.3          3.7          2.3       2.5             6.5
1979   325          4.2         -3.5          4.1       2.5             3.1
1979   326          1.9         -7.4         12.7        .0              .9
1979   327          9.2         -8.0         12.4        .0              .3
1979   328         11.7         -5.3         12.2        .0             1.4
1979   329          7.9         -4.5          7.5        .0             1.7
1979   330         12.8         -6.7         11.6        .0             1.4
1979   331          5.5         -6.2         11.0        .0             1.9
1979   332         -1.7         -7.6         11.5        .0             -.3
1979   333          1.8        -11.4         12.0        .0            -1.3
1979   334          7.8        -12.6         11.7        .0            -1.7
1979   335          6.4         -8.0         11.6        .0            -1.0
1979   336         10.5         -8.4         11.6        .0            -1.1
1979   337         16.7         -2.5          9.6        .0              .4
1979   338         23.6         -2.2         11.3        .0             2.5
1979   339          9.9         -4.5          6.4        .0             3.7
1979   340         14.8         -5.8         10.7        .0             1.8
1979   341         10.3         -3.4          9.1        .0             2.3
1979   342          7.8         -1.9          9.3        .0             2.2
1979   343         19.7         -5.0         11.0        .0             3.0
1979   344         16.5         -3.0         11.1        .0             3.3
1979   345          2.1         -9.5          9.1        .0             1.1
1979   346          2.6        -11.2         10.5        .0             -.7
1979   347          6.2        -11.6         10.9        .0            -1.3
1979   348         10.2         -9.4         10.6        .0            -1.1
1979   349         19.7         -8.4         11.0        .0              .1
1979   350         -6.3        -14.9         10.6        .0            -2.2
1979   351         11.6        -13.8         10.8        .0            -2.2
1979   352         22.3         -4.3         11.0        .0              .0
1979   353         15.9         -6.6         10.8        .0              .3
1979   354         14.7         -7.4         10.1        .0              .7
1979   355         14.6         -5.4         10.6        .0             1.1
1979   356          6.4         -4.8          5.9        .0             1.2
1979   357          6.4         -5.8          2.9        .0              .6
1979   358          9.4         -5.9         10.5        .0              .9
1979   359         10.5         -4.1          7.0        .0             1.0
1979   360         10.2         -2.3          4.6        .0             2.3
1979   361          4.0           .0          1.7       7.6             2.3
1979   362           .9         -2.5          7.3       7.6             1.1
1979   363          -.4         -2.6          7.5        .0             1.0
1979   364         -1.6        -11.2         10.3        .0             1.0
1979   365          -.3        -12.0         11.3        .0              .5
1980     1          4.4         -8.6          9.6        .0              .3
1980     2          2.5         -3.7          4.4        .0              .4
1980     3         -1.8         -4.5          5.2        .0              .5
1980     4          1.4         -5.9          8.9        .0              .5
1980     5          4.2         -7.3         10.9        .0              .3
1980     6          3.7        -12.3          7.0        .0              .2
1980     7         -3.6        -15.1          8.7        .0            -1.9
1980     8          -.4        -13.0         11.3        .0            -2.7
1980     9         -1.8        -13.7          8.9        .0            -2.7
1980    10         14.4         -2.9          8.8        .0             -.3
1980    11          3.1         -4.5         11.0        .0              .2
1980    12          9.9         -1.0          9.8        .0              .0
1980    13         14.1          -.9         11.4        .0             1.6
1980    14         13.1         -2.0          7.0        .0             1.4
1980    15          7.1           .5          3.1       2.5             2.5
1980    16          7.4         -1.9         10.7        .0             2.8
1980    17         10.1         -3.9          9.3        .0             1.9
1980    18          3.5         -2.8          3.7       2.5             1.5
1980    19          2.6         -5.0          3.9       5.1              .9
1980    20         -3.6         -5.5          5.1       7.6              .2
1980    21          5.4         -3.6         12.4        .0              .2
1980    22          1.9         -3.7         12.6        .0              .2
1980    23         10.5         -3.8         12.4        .0              .0
1980    24         15.4          -.2         12.9        .0             1.7
1980    25          2.7         -6.9          7.8        .0              .7
1980    26         -6.6        -14.5          7.4        .0            -1.7
1980    27        -11.5        -14.9          7.9       2.5            -3.0
1980    28        -12.8        -14.7          7.8        .0            -2.4
1980    29         -9.1        -14.1          5.8        .0            -2.3
1980    30         -7.8        -18.6         10.5       2.5            -3.2
1980    31         -3.7        -20.3         13.7        .0            -4.7
1980    32          2.2        -12.5         13.5        .0            -2.4
1980    33          7.7         -4.4         12.9        .0             -.6
1980    34          9.2         -3.1         12.9        .0              .7
1980    35          9.6         -1.8          8.4        .0             1.2
1980    36          7.6         -2.0         14.7        .0             1.2
1980    37          4.8         -4.9          9.4        .0              .1
1980    38         -1.8         -8.9          8.1       5.1              .0
1980    39         -8.0        -19.9         12.9        .0             -.4
1980    40         -3.5        -21.4         16.0        .0            -1.9
1980    41          4.6        -11.8         16.0        .0            -1.6
1980    42         -3.2        -11.2         15.7        .0            -1.9
1980    43          2.5        -11.2         15.8        .0            -1.8
1980    44          4.3         -8.4         15.4        .0             -.9
1980    45         -3.4         -6.4          5.1        .0             -.4
1980    46         -6.2        -11.2          7.5        .0            -2.6
1980    47         -7.1        -12.7         12.6        .0            -3.2
1980    48           .4        -13.2         12.3        .0            -2.7
1980    49          6.6         -4.4         14.5        .0             -.6
1980    50         16.7         -2.2         17.1        .0             2.3
1980    51         18.8          1.3         14.9        .0             3.6
1980    52          9.8          -.7         15.5        .0             3.6
1980    53          5.1         -2.5          7.6        .0             1.9
1980    54          3.5          -.2          3.3        .0             1.9
1980    55          7.8         -3.6         14.5       7.6              .8
1980    56          6.3         -3.7         18.6        .0             2.2
1980    57         14.8         -2.0         18.4        .0             3.2
1980    58         20.6           .6         15.9        .0             5.6
1980    59         16.2         -2.8         17.8        .0             5.9
1980    60         -3.0        -14.1          3.3        .0             -.9
1980    61        -11.4        -17.6         20.2        .0            -3.0
1980    62          8.0        -17.2         19.1        .0            -2.2
1980    63         12.8         -1.8         10.9        .0              .9
1980    64           .7         -9.2          6.2        .0             -.5
1980    65         -3.1        -11.4          9.3        .0            -2.5
1980    66         15.2         -6.9         12.8        .0             -.2
1980    67          -.2         -3.2          4.1        .0              .1
1980    68         11.1         -5.3         20.4        .0             2.2
1980    69         14.1         -3.6         21.2        .0             3.0
1980    70         16.1         -4.0         21.2        .0             4.3
1980    71          4.3         -3.4          5.5        .0             1.5
1980    72          9.6           .1          9.1        .0             3.9
1980    73         11.5         -2.8         22.1        .0             4.4
1980    74         18.3         -2.5         22.0        .0             7.1
1980    75         25.6          4.4         21.0        .0            10.2
1980    76         11.5         -1.7         11.5        .0             5.8
1980    77          8.8         -6.4         22.9       2.5             4.5
1980    78         18.9         -2.2         23.0        .0             5.9
1980    79         21.7           .0         22.3        .0            10.0
1980    80         12.4         -2.1         21.1        .0             8.5
1980    81         20.4         -4.0         22.8        .0             8.0
1980    82         11.3          1.8         10.6        .0             7.4
1980    83          3.0         -3.1          6.8       5.1             2.8
1980    84           .3         -9.4         24.7       2.5             1.9
1980    85          1.3         -8.9         19.3        .0             1.4
1980    86          6.6           .3         22.0        .0             2.6
1980    87          3.8           .7          2.2      22.9             2.5
1980    88          2.9         -1.1         11.6       2.5             3.3
1980    89           .3         -1.1          3.8        .0              .9
1980    90          5.9         -2.9         17.8        .0             3.3
1980    91          7.3          -.1          4.9       2.5             3.5
1980    92          5.9           .3         12.3        .0             4.3
1980    93          1.4         -3.2          7.4      12.7             1.4
1980    94          6.3         -2.8         23.2        .0             2.8
1980    95         14.1         -2.6         25.3        .0             6.3
1980    96         18.6          1.8         20.9        .0             7.4
1980    97         19.0          -.3         26.3        .0             9.2
1980    98         13.7          1.1         13.7        .0             6.6
1980    99         11.0          1.4         27.1        .0             6.2
1980   100         16.5         -2.7         26.5        .0             8.3
1980   101         20.5          1.6         23.3        .0            10.7
1980   102          8.8           .4          6.5        .0             5.8
1980   103          9.8         -1.0         23.0        .0             6.0
1980   104         10.7         -2.7         22.5        .0             6.4
1980   105         14.7         -4.5         28.0        .0             7.4
1980   106         23.1         -1.3         25.5        .0            10.9
1980   107         18.0          3.2         21.5        .0            11.5
1980   108         18.5          3.3         25.7        .0            10.8
1980   109         21.5          -.4         27.9        .0            12.9
1980   110         29.5          5.0         27.2        .0            15.5
1980   111         29.7          7.5         28.0        .0            16.1
1980   112         30.9          8.5         28.2        .0            17.0
1980   113         27.4          6.4         23.0        .0            16.6
1980   114         19.9         10.3         10.2        .0            15.4
1980   115         12.2          5.5          3.8      27.9            10.4
1980   116         10.0          5.4          8.0        .0             8.6
1980   117         11.8          5.5         11.4        .0             9.7
1980   118         16.1          4.2         23.4        .0            12.4
1980   119         21.7          1.7         20.3        .0            13.8
1980   120         24.2          4.6         20.2        .0            15.1
1980   121         14.4          7.8          3.4      10.2            12.6
1980   122         13.7          8.1          6.9      15.2            12.1
1980   123         19.1          8.5         14.7       2.5            13.8
1980   124         21.3          4.7         23.4        .0            14.7
1980   125         21.3          5.9         17.7        .0            15.0
1980   126         24.6          5.7         23.5        .0            16.5
1980   127         25.2          6.8         22.2       5.1            16.9
1980   128         17.5          7.2         21.2        .0            16.2
1980   129         10.3          4.9         10.8        .0            11.5
1980   130         21.9          5.5         25.7        .0            13.9
1980   131         26.3          7.9         17.1        .0            15.8
1980   132         14.8          6.6         20.3        .0            13.9
1980   133         20.8          2.6         25.1        .0            15.0
1980   134         19.6          2.5         27.2        .0            14.9
1980   135         19.1          5.2         18.6        .0            14.6
1980   136         12.9          7.8          4.9      17.8            12.5
1980   137         11.2          7.7          4.5       7.6            11.1
1980   138         13.3          6.1          9.9       5.1            11.8
1980   139         15.7          3.0         17.4        .0            12.3
1980   140         22.9          2.7         26.7        .0            14.3
1980   141         22.1          7.4         20.5        .0            16.5
1980   142         23.1          3.3         26.5        .0            16.7
1980   143         22.1          4.2         25.4        .0            16.7
1980   144         24.9          8.8         25.1        .0            17.9
1980   145         28.7         13.2         26.6        .0            20.5
1980   146         27.7          6.3         30.3        .0            19.3
1980   147         26.7         11.0         15.0        .0            18.4
1980   148         16.1         11.2          1.3      58.4            15.0
1980   149         25.0          9.9         26.3       2.5            20.0
1980   150         26.5         12.6         26.7       7.6            22.6
1980   151         25.1          9.2         26.9        .0            19.7
1980   152         26.7         14.4         23.9        .0            20.4
1980   153         23.4         15.2         18.9        .0            20.3
1980   154         25.9         14.1         29.8        .0            20.6
1980   155         36.5         14.9         30.3        .0             9.3
1980   156         36.5         15.4         32.2        .0            10.2
1980   157         31.9         19.5         31.3        .0            24.4
1980   158         31.6         16.9         22.7        .0            23.4
1980   159         29.4         17.1         20.9        .0            22.7
1980   160         20.2         14.6         12.9        .0            18.8
1980   161         24.0         11.8         23.0        .0            19.3
1980   162         26.9         13.8         22.6        .0            21.1
1980   163         31.6         17.4         27.1        .0            23.0
1980   164         35.6         19.4         30.2        .0            25.3
1980   165         38.3         19.4         31.0        .0            26.5
1980   166         39.8         19.1         29.3        .0            27.1
1980   167         36.0         19.4         29.5        .0            27.1
1980   168         28.5         16.8         20.7       5.1            23.2
1980   169         26.6         15.1         12.9        .0            21.2
1980   170         28.8         14.1         17.9        .0            26.1
1980   171         24.0         12.1         21.7      20.3            26.5
1980   172         30.4         13.1         11.6       2.5            23.7
1980   173         28.8         13.6         13.7       2.5            29.8
1980   174         33.1         15.1         15.9      12.7            35.6
1980   175         36.3         17.7         16.6        .0            34.1
1980   176         36.3         17.2         19.7        .0            29.8
1980   177         39.5         17.7         20.9        .0            30.5
1980   178         40.1         19.2         27.6        .0            30.5
1980   179         33.7         16.2         27.1        .0            31.4
1980   180         34.7         17.2         30.2        .0            31.5
1980   181         35.7         18.2         25.1        .0            31.3
1980   182         40.6         19.4        999.9        .0            30.8
1980   183         41.1         20.0        999.9        .0            30.8
1980   184         40.0         20.0        999.9        .0            30.8
1980   185         33.3         17.8        999.9        .0            30.8
1980   186         35.0         18.3        999.9        .0            30.8
1980   187         40.0         21.7        999.9        .0            30.8
1980   188         38.9         20.0        999.9        .0            30.8
1980   189         37.8         21.1        999.9        .0            30.8
1980   190         37.8         21.7        999.9        .0            30.8
1980   191         38.9         20.6        999.9        .0            30.8
1980   192         40.0         21.1        999.9        .0            30.8
1980   193         39.4         18.3        999.9        .0            30.8
1980   194         41.1         19.4        999.9        .0            30.8
1980   195         38.3         22.2        999.9        .0            30.8
1980   196         40.0         21.1        999.9        .0            30.8
1980   197         40.0         21.1        999.9        .0            30.8
1980   198         40.0         20.6        999.9        .0            30.8
1980   199         38.3         18.3        999.9        .0            30.8
1980   200         37.8         20.0        999.9        .0            30.8
1980   201         37.8         21.7        999.9        .0            30.8
1980   202         37.8         21.1        999.9        .0            30.8
1980   203         38.9         19.4        999.9       5.1            30.8
1980   204         31.7         16.7        999.9        .0            30.8
1980   205         32.2         17.8        999.9        .0            30.8
1980   206         32.8         17.2        999.9        .0            30.8
1980   207         35.0         18.3        999.9        .0            30.8
1980   208         34.4         16.7        999.9       7.6            30.8
1980   209         34.4         15.0        999.9        .0            30.8
1980   210         34.4         15.0        999.9        .0            30.8
1980   211         38.3         17.8        999.9        .0            30.8
1980   212         37.8         20.0        999.9        .0            30.8
1980   213         38.9         18.3        999.9        .0            30.8
1980   214         38.9         18.3        999.9        .0            30.8
1980   215         40.0         18.3        999.9        .0            30.8
1980   216         35.6         17.8        999.9        .0            30.8
1980   217         36.7         15.6        999.9        .0            30.8
1980   218         30.6         21.7        999.9        .0            30.8
1980   219         37.2         19.4        999.9        .0            30.8
1980   220         35.0         20.0        999.9        .0            30.8