    2001       1     5.0   -11.5     8.3     0.1    -0.4
    2001       2     5.0   -11.5     8.3     0.1    -0.4
    2001       3     5.0   -11.5     8.3     0.1    -0.4
    2001       4     5.0   -11.5     8.4     0.1    -0.5
    2001       5     5.0   -11.5     8.4     0.1    -0.5
    2001       6     5.0   -11.5     8.4     0.1    -0.5
    2001       7     5.0   -11.5     8.5     0.1    -0.5
    2001       8     5.0   -11.6     8.5     0.1    -0.5
    2001       9     5.0   -11.6     8.5     0.1    -0.5
    2001      10     5.0   -11.6     8.5     0.1    -0.5
    2001      11     5.0   -11.6     8.6     0.1    -0.5
    2001      12     5.0   -11.6     8.6     0.1    -0.5
    2001      13     5.0   -11.6     8.6     0.1    -0.5
    2001      14     5.0   -11.6     8.7     0.1    -0.6
    2001      15     5.0   -11.6     8.7     0.1    -0.6
    2001      16     5.1   -11.5     8.8     0.1    -0.5
    2001      17     5.2   -11.5     8.9     0.1    -0.4
    2001      18     5.3   -11.4     9.0     0.1    -0.4
    2001      19     5.3   -11.3     9.2     0.1    -0.3
    2001      20     5.4   -11.2     9.3     0.1    -0.3
    2001      21     5.5   -11.1     9.4     0.1    -0.2
    2001      22     5.5   -11.0     9.5     0.1    -0.1
    2001      23     5.6   -11.0     9.6     0.1    -0.1
    2001      24     5.7   -10.9     9.7     0.1     0.0
    2001      25     5.7   -10.8     9.9     0.1     0.1
    2001      26     5.8   -10.7    10.0     0.1     0.1
    2001      27     5.9   -10.6    10.1     0.1     0.2
    2001      28     5.9   -10.5    10.2     0.1     0.3
    2001      29     6.0   -10.5    10.3     0.1     0.3
    2001      30     6.1   -10.4    10.4     0.1     0.4
    2001      31     6.2   -10.3    10.5     0.1     0.4
    2001      32     6.2   -10.2    10.7     0.1     0.5
    2001      33     6.3   -10.1    10.8     0.1     0.6
    2001      34     6.4   -10.0    10.9     0.1     0.6
    2001      35     6.4    -9.9    11.0     0.1     0.7
    2001      36     6.5    -9.9    11.1     0.1     0.8
    2001      37     6.6    -9.8    11.2     0.1     0.8
    2001      38     6.6    -9.7    11.4     0.1     0.9
    2001      39     6.7    -9.6    11.5     0.1     0.9
    2001      40     6.8    -9.5    11.6     0.1     1.0
    2001      41     6.9    -9.4    11.7     0.1     1.1
    2001      42     6.9    -9.4    11.8     0.1     1.1
    2001      43     7.0    -9.3    11.9     0.1     1.2
    2001      44     7.1    -9.2    12.0     0.1     1.3
    2001      45     7.1    -9.1    12.2     0.1     1.3
    2001      46     7.3    -8.9    12.3     0.1     1.5
    2001      47     7.5    -8.8    12.5     0.1     1.7
    2001      48     7.7    -8.6    12.6     0.1     1.9
    2001      49     7.9    -8.5    12.8     0.1     2.1
    2001      50     8.1    -8.3    13.0     0.1     2.2
    2001      51     8.3    -8.1    13.1     0.1     2.4
    2001      52     8.5    -8.0    13.3     0.1     2.6
    2001      53     8.7    -7.8    13.5     0.1     2.8
    2001      54     8.9    -7.6    13.6     0.1     3.0
    2001      55     9.1    -7.5    13.8     0.1     3.2
    2001      56     9.3    -7.3    13.9     0.1     3.3
    2001      57     9.5    -7.1    14.1     0.1     3.5
    2001      58     9.7    -7.0    14.3     0.1     3.7
    2001      59     9.9    -6.8    14.4     0.1     3.9
    2001      60    10.1    -6.7    14.6     0.4     4.1
    2001      61    10.3    -6.5    14.7     0.4     4.3
    2001      62    10.5    -6.3    14.9     0.4     4.4
    2001      63    10.7    -6.2    15.1     0.4     4.6
    2001      64    10.9    -6.0    15.2     0.4     4.8
    2001      65    11.1    -5.8    15.4     0.4     5.0
    2001      66    11.3    -5.7    15.5     0.4     5.2
    2001      67    11.5    -5.5    15.7     0.4     5.4
    2001      68    11.7    -5.3    15.9     0.4     5.5
    2001      69    11.9    -5.2    16.0     0.4     5.7
    2001      70    12.1    -5.0    16.2     0.4     5.9
    2001      71    12.3    -4.8    16.3     0.4     6.1
    2001      72    12.5    -4.7    16.5     0.4     6.3
    2001      73    12.7    -4.5    16.7     0.4     6.4
    2001      74    13.1    -4.2    16.8     0.4     6.6
    2001      75    13.2    -4.1    16.9     0.4     6.8
    2001      76    13.3    -3.9    17.0     0.4     7.0
    2001      77    13.5    -3.8    17.1     0.4     7.2
    2001      78    13.6    -3.6    17.2     0.4     7.4
    2001      79    13.7    -3.5    17.3     0.4     7.6
    2001      80    13.9    -3.3    17.4     0.4     7.8
    2001      81    14.0    -3.2    17.5     0.4     7.9
    2001      82    14.1    -3.1    17.6     0.4     8.1
    2001      83    14.3    -2.9    17.7     0.4     8.3
    2001      84    14.4    -2.8    17.8     0.4     8.5
    2001      85    14.5    -2.6    17.9     0.4     8.7
    2001      86    14.6    -2.5    18.0     0.4     8.9
    2001      87    14.8    -2.3    18.1     0.4     9.1
    2001      88    14.9    -2.2    18.2     0.4     9.2
    2001      89    15.0    -2.1    18.3     0.4     9.4
    2001      90    15.2    -1.9    18.4     0.4     9.6
    2001      91    15.3    -1.8    18.5     1.1     9.8
    2001      92    15.4    -1.6    18.6     1.1    10.0
    2001      93    15.5    -1.5    18.7     1.1    10.2
    2001      94    15.7    -1.4    18.8     1.1    10.4
    2001      95    15.8    -1.2    18.9     1.1    10.5
    2001      96    15.9    -1.1    19.0     1.1    10.7
    2001      97    16.1    -0.9    19.1     1.1    10.9
    2001      98    16.2    -0.8    19.2     1.1    11.1
    2001      99    16.3    -0.6    19.2     1.1    11.3
    2001     100    16.4    -0.5    19.3     1.1    11.5
    2001     101    16.6    -0.4    19.4     1.1    11.7
    2001     102    16.7    -0.2    19.5     1.1    11.9
    2001     103    16.8    -0.1    19.6     1.1    12.0
    2001     104    17.0     0.1    19.7     1.1    12.2
    2001     105    17.1     0.2    19.8     1.1    12.4
    2001     106    17.3     0.4    19.9     1.1    12.6
    2001     107    17.5     0.6    20.0     1.1    12.9
    2001     108    17.7     0.8    20.1     1.1    13.1
    2001     109    17.8     1.0    20.2     1.1    13.3
    2001     110    18.0     1.2    20.3     1.1    13.5
    2001     111    18.2     1.4    20.4     1.1    13.8
    2001     112    18.4     1.6    20.5     1.1    14.0
    2001     113    18.6     1.8    20.6     1.1    14.2
    2001     114    18.8     2.1    20.7     1.1    14.5
    2001     115    19.0     2.3    20.7     1.1    14.7
    2001     116    19.2     2.5    20.8     1.1    14.9
    2001     117    19.3     2.7    20.9     1.1    15.1
    2001     118    19.5     2.9    21.0     1.1    15.4
    2001     119    19.7     3.1    21.1     1.1    15.6
    2001     120    19.9     3.3    21.2     1.1    15.8
    2001     121    20.1     3.5    21.3     1.3    16.0
    2001     122    20.3     3.7    21.4     1.3    16.3
    2001     123    20.5     3.9    21.5     1.3    16.5
    2001     124    20.7     4.1    21.6     1.3    16.7
    2001     125    20.8     4.3    21.7     1.3    16.9
    2001     126    21.0     4.5    21.8     1.3    17.2
    2001     127    21.2     4.7    21.8     1.3    17.4
    2001     128    21.4     4.9    21.9     1.3    17.6
    2001     129    21.6     5.1    22.0     1.3    17.9
    2001     130    21.8     5.3    22.1     1.3    18.1
    2001     131    22.0     5.5    22.2     1.3    18.3
    2001     132    22.2     5.7    22.3     1.3    18.5
    2001     133    22.3     5.9    22.4     1.3    18.8
    2001     134    22.5     6.1    22.5     1.3    19.0
    2001     135    22.7     6.3    22.6     1.3    19.2
    2001     136    22.9     6.5    22.7     1.3    19.4
    2001     137    23.1     6.6    22.7     1.3    19.6
    2001     138    23.2     6.8    22.8     1.3    19.8
    2001     139    23.4     6.9    22.9     1.3    19.9
    2001     140    23.6     7.1    23.0     1.3    20.1
    2001     141    23.7     7.2    23.1     1.3    20.3
    2001     142    23.9     7.4    23.1     1.3    20.5
    2001     143    24.0     7.5    23.2     1.3    20.7
    2001     144    24.2     7.7    23.3     1.3    20.8
    2001     145    24.4     7.8    23.4     1.3    21.0
    2001     146    24.5     8.0    23.5     1.3    21.2
    2001     147    24.7     8.1    23.5     1.3    21.4
    2001     148    24.9     8.3    23.6     1.3    21.6
    2001     149    25.0     8.4    23.7     1.3    21.8
    2001     150    25.2     8.5    23.8     1.3    21.9
    2001     151    25.4     8.7    23.9     1.3    22.1
    2001     152    25.5     8.8    23.9     1.1    22.3
    2001     153    25.7     9.0    24.0     1.1    22.5
    2001     154    25.9     9.1    24.1     1.1    22.7
    2001     155    26.0     9.3    24.2     1.1    22.8
    2001     156    26.2     9.4    24.3     1.1    23.0
    2001     157    26.4     9.6    24.3     1.1    23.2
    2001     158    26.5     9.7    24.4     1.1    23.4
    2001     159    26.7     9.9    24.5     1.1    23.6
    2001     160    26.9    10.0    24.6     1.1    23.7
    2001     161    27.0    10.2    24.7     1.1    23.9
    2001     162    27.2    10.3    24.7     1.1    24.1
    2001     163    27.4    10.5    24.8     1.1    24.3
    2001     164    27.5    10.6    24.9     1.1    24.5
    2001     165    27.7    10.7    25.0     1.1    24.7
    2001     166    27.9    10.9    25.1     1.1    24.8
    2001     167    28.0    11.0    25.1     1.1    24.9
    2001     168    28.1    11.1    25.1     1.1    25.1
    2001     169    28.3    11.2    25.0     1.1    25.2
    2001     170    28.4    11.3    25.0     1.1    25.3
    2001     171    28.5    11.3    25.0     1.1    25.4
    2001     172    28.7    11.4    25.0     1.1    25.5
    2001     173    28.8    11.5    25.0     1.1    25.6
    2001     174    28.9    11.6    25.0     1.1    25.7
    2001     175    29.1    11.7    25.0     1.1    25.8
    2001     176    29.2    11.8    25.0     1.1    25.9
    2001     177    29.3    11.9    25.0     1.1    26.0
    2001     178    29.5    12.0    25.0     1.1    26.1
    2001     179    29.6    12.1    25.0     1.1    26.2
    2001     180    29.7    12.1    25.0     1.1    26.4
    2001     181    29.8    12.2    25.0     1.1    26.5
    2001     182    30.0    12.3    25.0     1.0    26.6
    2001     183    30.1    12.4    25.0     1.0    26.7
    2001     184    30.2    12.5    25.0     1.0    26.8
    2001     185    30.4    12.6    24.9     1.0    26.9
    2001     186    30.5    12.7    24.9     1.0    27.0
    2001     187    30.6    12.8    24.9     1.0    27.1
    2001     188    30.8    12.9    24.9     1.0    27.2
    2001     189    30.9    12.9    24.9     1.0    27.3
    2001     190    31.0    13.0    24.9     1.0    27.4
    2001     191    31.2    13.1    24.9     1.0    27.5
    2001     192    31.3    13.2    24.9     1.0    27.7
    2001     193    31.4    13.3    24.9     1.0    27.8
    2001     194    31.6    13.4    24.9     1.0    27.9
    2001     195    31.7    13.5    24.9     1.0    28.0
    2001     196    31.8    13.6    24.9     1.0    28.1
    2001     197    31.8    13.5    24.8     1.0    28.0
    2001     198    31.7    13.5    24.7     1.0    28.0
    2001     199    31.7    13.4    24.6     1.0    28.0
    2001     200    31.6    13.4    24.5     1.0    27.9
    2001     201    31.5    13.4    24.4     1.0    27.9
    2001     202    31.5    13.3    24.2     1.0    27.8
    2001     203    31.4    13.3    24.1     1.0    27.8
    2001     204    31.4    13.2    24.0     1.0    27.8
    2001     205    31.3    13.2    23.9     1.0    27.7
    2001     206    31.3    13.2    23.8     1.0    27.7
    2001     207    31.2    13.1    23.7     1.0    27.6
    2001     208    31.2    13.1    23.6     1.0    27.6
    2001     209    31.1    13.0    23.5     1.0    27.5
    2001     210    31.0    13.0    23.4     1.0    27.5
    2001     211    31.0    13.0    23.3     1.0    27.5
    2001     212    30.9    12.9    23.2     1.0    27.4
    2001     213    30.9    12.9    23.1     1.2    27.4
    2001     214    30.8    12.8    23.0     1.2    27.3
    2001     215    30.8    12.8    22.9     1.2    27.3
    2001     216    30.7    12.8    22.8     1.2    27.3
    2001     217    30.7    12.7    22.7     1.2    27.2
    2001     218    30.6    12.7    22.6     1.2    27.2
    2001     219    30.5    12.6    22.5     1.2    27.1
    2001     220    30.5    12.6    22.3     1.2    27.1
    2001     221    30.4    12.6    22.2     1.2    27.1
    2001     222    30.4    12.5    22.1     1.2    27.0
    2001     223    30.3    12.5    22.0     1.2    27.0
    2001     224    30.3    12.4    21.9     1.2    26.9
    2001     225    30.2    12.4    21.8     1.2    26.9
    2001     226    30.2    12.4    21.7     1.2    26.9
    2001     227    30.1    12.3    21.6     1.2    26.8
    2001     228    29.9    12.1    21.5     1.2    26.6
    2001     229    29.8    12.0    21.4     1.2    26.5
    2001     230    29.6    11.8    21.3     1.2    26.3
    2001     231    29.5    11.6    21.1     1.2    26.1
    2001     232    29.3    11.4    21.0     1.2    26.0
    2001     233    29.1    11.2    20.9     1.2    25.8
    2001     234    29.0    11.1    20.8     1.2    25.6
    2001     235    28.8    10.9    20.7     1.2    25.5
    2001     236    28.7    10.7    20.6     1.2    25.3
    2001     237    28.5    10.5    20.4     1.2    25.1
    2001     238    28.3    10.3    20.3     1.2    25.0
    2001     239    28.2    10.2    20.2     1.2    24.8
    2001     240    28.0    10.0    20.1     1.2    24.6
    2001     241    27.8     9.8    20.0     1.2    24.5
    2001     242    27.7     9.6    19.9     1.2    24.3
    2001     243    27.5     9.4    19.7     1.2    24.1
    2001     244    27.4     9.3    19.6     0.8    24.0
    2001     245    27.2     9.1    19.5     0.8    23.8
    2001     246    27.0     8.9    19.4     0.8    23.6
    2001     247    26.9     8.7    19.3     0.8    23.5
    2001     248    26.7     8.5    19.2     0.8    23.3
    2001     249    26.6     8.4    19.1     0.8    23.1
    2001     250    26.4     8.2    18.9     0.8    23.0
    2001     251    26.2     8.0    18.8     0.8    22.8
    2001     252    26.1     7.8    18.7     0.8    22.6
    2001     253    25.9     7.6    18.6     0.8    22.5
    2001     254    25.8     7.5    18.5     0.8    22.3
    2001     255    25.6     7.3    18.4     0.8    22.1
    2001     256    25.4     7.1    18.2     0.8    22.0
    2001     257    25.3     6.9    18.1     0.8    21.8
    2001     258    25.1     6.7    18.0     0.8    21.6
    2001     259    24.9     6.5    17.8     0.8    21.4
    2001     260    24.6     6.3    17.7     0.8    21.1
    2001     261    24.4     6.1    17.5     0.8    20.8
    2001     262    24.2     5.9    17.3     0.8    20.5
    2001     263    23.9     5.7    17.2     0.8    20.2
    2001     264    23.7     5.4    17.0     0.8    19.9
    2001     265    23.5     5.2    16.8     0.8    19.6
    2001     266    23.2     5.0    16.6     0.8    19.3
    2001     267    23.0     4.8    16.5     0.8    19.1
    2001     268    22.8     4.6    16.3     0.8    18.8
    2001     269    22.5     4.4    16.1     0.8    18.5
    2001     270    22.3     4.1    16.0     0.8    18.2
    2001     271    22.1     3.9    15.8     0.8    17.9
    2001     272    21.8     3.7    15.6     0.8    17.6
    2001     273    21.6     3.5    15.5     0.8    17.3
    2001     274    21.4     3.3    15.3     0.6    17.0
    2001     275    21.1     3.1    15.1     0.6    16.8
    2001     276    20.9     2.8    15.0     0.6    16.5
    2001     277    20.7     2.6    14.8     0.6    16.2
    2001     278    20.4     2.4    14.6     0.6    15.9
    2001     279    20.2     2.2    14.4     0.6    15.6
    2001     280    20.0     2.0    14.3     0.6    15.3
    2001     281    19.7     1.8    14.1     0.6    15.0
    2001     282    19.5     1.5    13.9     0.6    14.7
    2001     283    19.3     1.3    13.8     0.6    14.4
    2001     284    19.0     1.1    13.6     0.6    14.2
    2001     285    18.8     0.9    13.4     0.6    13.9
    2001     286    18.6     0.7    13.3     0.6    13.6
    2001     287    18.3     0.5    13.1     0.6    13.3
    2001     288    18.1     0.3    12.9     0.6    13.0
    2001     289    17.9     0.0    12.8     0.6    12.7
    2001     290    17.6    -0.2    12.7     0.6    12.5
    2001     291    17.4    -0.4    12.6     0.6    12.2
    2001     292    17.1    -0.6    12.5     0.6    12.0
    2001     293    16.9    -0.8    12.3     0.6    11.7
    2001     294    16.6    -1.0    12.2     0.6    11.4
    2001     295    16.4    -1.2    12.1     0.6    11.2
    2001     296    16.1    -1.4    12.0     0.6    10.9
    2001     297    15.9    -1.6    11.9     0.6    10.7
    2001     298    15.6    -1.8    11.8     0.6    10.4
    2001     299    15.4    -2.0    11.6     0.6    10.1
    2001     300    15.1    -2.2    11.5     0.6     9.9
    2001     301    14.9    -2.4    11.4     0.6     9.6
    2001     302    14.6    -2.6    11.3     0.6     9.3
    2001     303    14.4    -2.8    11.2     0.6     9.1
    2001     304    14.2    -3.0    11.1     0.6     8.8
    2001     305    13.9    -3.3    11.0     0.2     8.6
    2001     306    13.7    -3.5    10.8     0.2     8.3
    2001     307    13.4    -3.7    10.7     0.2     8.0
    2001     308    13.2    -3.9    10.6     0.2     7.8
    2001     309    12.9    -4.1    10.5     0.2     7.5
    2001     310    12.7    -4.3    10.4     0.2     7.2
    2001     311    12.4    -4.5    10.3     0.2     7.0
    2001     312    12.2    -4.7    10.1     0.2     6.7
    2001     313    11.9    -4.9    10.0     0.2     6.5
    2001     314    11.7    -5.1     9.9     0.2     6.2
    2001     315    11.4    -5.3     9.8     0.2     5.9
    2001     316    11.2    -5.5     9.7     0.2     5.7
    2001     317    10.9    -5.7     9.6     0.2     5.4
    2001     318    10.7    -5.9     9.5     0.2     5.1
    2001     319    10.4    -6.1     9.3     0.2     4.9
    2001     320    10.3    -6.3     9.3     0.2     4.7
    2001     321    10.1    -6.5     9.2     0.2     4.5
    2001     322     9.9    -6.7     9.2     0.2     4.4
    2001     323     9.7    -6.8     9.1     0.2     4.2
    2001     324     9.5    -7.0     9.1     0.2     4.0
    2001     325     9.3    -7.2     9.0     0.2     3.9
    2001     326     9.1    -7.3     9.0     0.2     3.7
    2001     327     9.0    -7.5     8.9     0.2     3.5
    2001     328     8.8    -7.7     8.9     0.2     3.3
    2001     329     8.6    -7.9     8.8     0.2     3.2
    2001     330     8.4    -8.0     8.8     0.2     3.0
    2001     331     8.2    -8.2     8.7     0.2     2.8
    2001     332     8.0    -8.4     8.6     0.2     2.7
    2001     333     7.8    -8.5     8.6     0.2     2.5
    2001     334     7.7    -8.7     8.5     0.2     2.3
    2001     335     7.5    -8.9     8.5     0.1     2.1
    2001     336     7.3    -9.1     8.4     0.1     2.0
    2001     337     7.1    -9.2     8.4     0.1     1.8
    2001     338     6.9    -9.4     8.3     0.1     1.6
    2001     339     6.7    -9.6     8.3     0.1     1.5
    2001     340     6.5    -9.8     8.2     0.1     1.3
    2001     341     6.4    -9.9     8.2     0.1     1.1
    2001     342     6.2   -10.1     8.1     0.1     0.9
    2001     343     6.0   -10.3     8.1     0.1     0.8
    2001     344     5.8   -10.4     8.0     0.1     0.6
    2001     345     5.6   -10.6     8.0     0.1     0.4
    2001     346     5.4   -10.8     7.9     0.1     0.3
    2001     347     5.2   -11.0     7.9     0.1     0.1
    2001     348     5.1   -11.1     7.8     0.1    -0.1
    2001     349     4.9   -11.3     7.7     0.1    -0.3
    2001     350     4.9   -11.3     7.8     0.1    -0.3
    2001     351     4.9   -11.3     7.8     0.1    -0.3
    2001     352     4.9   -11.3     7.8     0.1    -0.3
    2001     353     4.9   -11.3     7.9     0.1    -0.3
    2001     354     4.9   -11.4     7.9     0.1    -0.3
    2001     355     4.9   -11.4     7.9     0.1    -0.3
    2001     356     4.9   -11.4     8.0     0.1    -0.3
    2001     357     4.9   -11.4     8.0     0.1    -0.3
    2001     358     4.9   -11.4     8.0     0.1    -0.3
    2001     359     4.9   -11.4     8.1     0.1    -0.4
    2001     360     4.9   -11.4     8.1     0.1    -0.4
    2001     361     4.9   -11.4     8.1     0.1    -0.4
    2001     362     4.9   -11.4     8.1     0.1    -0.4
    2001     363     4.9   -11.4     8.2     0.1    -0.4
    2001     364     4.9   -11.5     8.2     0.1    -0.4
    2001     365     4.9   -11.5     8.2     0.1    -0.4
    2002       1     5.0   -11.5     8.3     0.1    -0.4
    2002       2     5.0   -11.5     8.3     0.1    -0.4
    2002       3     5.0   -11.5     8.3     0.1    -0.4
    2002       4     5.0   -11.5     8.4     0.1    -0.5
    2002       5     5.0   -11.5     8.4     0.1    -0.5
    2002       6     5.0   -11.5     8.4     0.1    -0.5
    2002       7     5.0   -11.5     8.5     0.1    -0.5
    2002       8     5.0   -11.6     8.5     0.1    -0.5
    2002       9     5.0   -11.6     8.5     0.1    -0.5
    2002      10     5.0   -11.6     8.5     0.1    -0.5
    2002      11     5.0   -11.6     8.6     0.1    -0.5
    2002      12     5.0   -11.6     8.6     0.1    -0.5
    2002      13     5.0   -11.6     8.6     0.1    -0.5
    2002      14     5.0   -11.6     8.7     0.1    -0.6
    2002      15     5.0   -11.6     8.7     0.1    -0.6
    2002      16     5.1   -11.5     8.8     0.1    -0.5
    2002      17     5.2   -11.5     8.9     0.1    -0.4
    2002      18     5.3   -11.4     9.0     0.1    -0.4
    2002      19     5.3   -11.3     9.2     0.1    -0.3
    2002      20     5.4   -11.2     9.3     0.1    -0.3
    2002      21     5.5   -11.1     9.4     0.1    -0.2
    2002      22     5.5   -11.0     9.5     0.1    -0.1
    2002      23     5.6   -11.0     9.6     0.1    -0.1
    2002      24     5.7   -10.9     9.7     0.1     0.0
    2002      25     5.7   -10.8     9.9     0.1     0.1
    2002      26     5.8   -10.7    10.0     0.1     0.1
    2002      27     5.9   -10.6    10.1     0.1     0.2
    2002      28     5.9   -10.5    10.2     0.1     0.3
    2002      29     6.0   -10.5    10.3     0.1     0.3
    2002      30     6.1   -10.4    10.4     0.1     0.4
    2002      31     6.2   -10.3    10.5     0.1     0.4
    2002      32     6.2   -10.2    10.7     0.1     0.5
    2002      33     6.3   -10.1    10.8     0.1     0.6
    2002      34     6.4   -10.0    10.9     0.1     0.6
    2002      35     6.4    -9.9    11.0     0.1     0.7
    2002      36     6.5    -9.9    11.1     0.1     0.8
    2002      37     6.6    -9.8    11.2     0.1     0.8
    2002      38     6.6    -9.7    11.4     0.1     0.9
    2002      39     6.7    -9.6    11.5     0.1     0.9
    2002      40     6.8    -9.5    11.6     0.1     1.0
    2002      41     6.9    -9.4    11.7     0.1     1.1
    2002      42     6.9    -9.4    11.8     0.1     1.1
    2002      43     7.0    -9.3    11.9     0.1     1.2
    2002      44     7.1    -9.2    12.0     0.1     1.3
    2002      45     7.1    -9.1    12.2     0.1     1.3
    2002      46     7.3    -8.9    12.3     0.1     1.5
    2002      47     7.5    -8.8    12.5     0.1     1.7
    2002      48     7.7    -8.6    12.6     0.1     1.9
    2002      49     7.9    -8.5    12.8     0.1     2.1
    2002      50     8.1    -8.3    13.0     0.1     2.2
    2002      51     8.3    -8.1    13.1     0.1     2.4
    2002      52     8.5    -8.0    13.3     0.1     2.6
    2002      53     8.7    -7.8    13.5     0.1     2.8
    2002      54     8.9    -7.6    13.6     0.1     3.0
    2002      55     9.1    -7.5    13.8     0.1     3.2
    2002      56     9.3    -7.3    13.9     0.1     3.3
    2002      57     9.5    -7.1    14.1     0.1     3.5
    2002      58     9.7    -7.0    14.3     0.1     3.7
    2002      59     9.9    -6.8    14.4     0.1     3.9
    2002      60    10.1    -6.7    14.6     0.4     4.1
    2002      61    10.3    -6.5    14.7     0.4     4.3
    2002      62    10.5    -6.3    14.9     0.4     4.4
    2002      63    10.7    -6.2    15.1     0.4     4.6
    2002      64    10.9    -6.0    15.2     0.4     4.8
    2002      65    11.1    -5.8    15.4     0.4     5.0
    2002      66    11.3    -5.7    15.5     0.4     5.2
    2002      67    11.5    -5.5    15.7     0.4     5.4
    2002      68    11.7    -5.3    15.9     0.4     5.5
    2002      69    11.9    -5.2    16.0     0.4     5.7
    2002      70    12.1    -5.0    16.2     0.4     5.9
    2002      71    12.3    -4.8    16.3     0.4     6.1
    2002      72    12.5    -4.7    16.5     0.4     6.3
    2002      73    12.7    -4.5    16.7     0.4     6.4
    2002      74    13.1    -4.2    16.8     0.4     6.6
    2002      75    13.2    -4.1    16.9     0.4     6.8
    2002      76    13.3    -3.9    17.0     0.4     7.0
    2002      77    13.5    -3.8    17.1     0.4     7.2
    2002      78    13.6    -3.6    17.2     0.4     7.4
    2002      79    13.7    -3.5    17.3     0.4     7.6
    2002      80    13.9    -3.3    17.4     0.4     7.8
    2002      81    14.0    -3.2    17.5     0.4     7.9
    2002      82    14.1    -3.1    17.6     0.4     8.1
    2002      83    14.3    -2.9    17.7     0.4     8.3
    2002      84    14.4    -2.8    17.8     0.4     8.5
    2002      85    14.5    -2.6    17.9     0.4     8.7
    2002      86    14.6    -2.5    18.0     0.4     8.9
    2002      87    14.8    -2.3    18.1     0.4     9.1
    2002      88    14.9    -2.2    18.2     0.4     9.2
    2002      89    15.0    -2.1    18.3     0.4     9.4
    2002      90    15.2    -1.9    18.4     0.4     9.6
    2002      91    15.3    -1.8    18.5     1.1     9.8
    2002      92    15.4    -1.6    18.6     1.1    10.0
    2002      93    15.5    -1.5    18.7     1.1    10.2
    2002      94    15.7    -1.4    18.8     1.1    10.4
    2002      95    15.8    -1.2    18.9     1.1    10.5
    2002      96    15.9    -1.1    19.0     1.1    10.7
    2002      97    16.1    -0.9    19.1     1.1    10.9
    2002      98    16.2    -0.8    19.2     1.1    11.1
    2002      99    16.3    -0.6    19.2     1.1    11.3
    2002     100    16.4    -0.5    19.3     1.1    11.5
    2002     101    16.6    -0.4    19.4     1.1    11.7
    2002     102    16.7    -0.2    19.5     1.1    11.9
    2002     103    16.8    -0.1    19.6     1.1    12.0
    2002     104    17.0     0.1    19.7     1.1    12.2
    2002     105    17.1     0.2    19.8     1.1    12.4
    2002     106    17.3     0.4    19.9     1.1    12.6
    2002     107    17.5     0.6    20.0     1.1    12.9
    2002     108    17.7     0.8    20.1     1.1    13.1
    2002     109    17.8     1.0    20.2     1.1    13.3
    2002     110    18.0     1.2    20.3     1.1    13.5
    2002     111    18.2     1.4    20.4     1.1    13.8
    2002     112    18.4     1.6    20.5     1.1    14.0
    2002     113    18.6     1.8    20.6     1.1    14.2
    2002     114    18.8     2.1    20.7     1.1    14.5
    2002     115    19.0     2.3    20.7     1.1    14.7
    2002     116    19.2     2.5    20.8     1.1    14.9
    2002     117    19.3     2.7    20.9     1.1    15.1
    2002     118    19.5     2.9    21.0     1.1    15.4
    2002     119    19.7     3.1    21.1     1.1    15.6
    2002     120    19.9     3.3    21.2     1.1    15.8
    2002     121    20.1     3.5    21.3     1.3    16.0
    2002     122    20.3     3.7    21.4     1.3    16.3
    2002     123    20.5     3.9    21.5     1.3    16.5
    2002     124    20.7     4.1    21.6     1.3    16.7
    2002     125    20.8     4.3    21.7     1.3    16.9
    2002     126    21.0     4.5    21.8     1.3    17.2
    2002     127    21.2     4.7    21.8     1.3    17.4
    2002     128    21.4     4.9    21.9     1.3    17.6
    2002     129    21.6     5.1    22.0     1.3    17.9
    2002     130    21.8     5.3    22.1     1.3    18.1
    2002     131    22.0     5.5    22.2     1.3    18.3
    2002     132    22.2     5.7    22.3     1.3    18.5
    2002     133    22.3     5.9    22.4     1.3    18.8
    2002     134    22.5     6.1    22.5     1.3    19.0
    2002     135    22.7     6.3    22.6     1.3    19.2
    2002     136    22.9     6.5    22.7     1.3    19.4
    2002     137    23.1     6.6    22.7     1.3    19.6
    2002     138    23.2     6.8    22.8     1.3    19.8
    2002     139    23.4     6.9    22.9     1.3    19.9
    2002     140    23.6     7.1    23.0     1.3    20.1
    2002     141    23.7     7.2    23.1     1.3    20.3
    2002     142    23.9     7.4    23.1     1.3    20.5
    2002     143    24.0     7.5    23.2     1.3    20.7
    2002     144    24.2     7.7    23.3     1.3    20.8
    2002     145    24.4     7.8    23.4     1.3    21.0
    2002     146    24.5     8.0    23.5     1.3    21.2
    2002     147    24.7     8.1    23.5     1.3    21.4
    2002     148    24.9     8.3    23.6     1.3    21.6
    2002     149    25.0     8.4    23.7     1.3    21.8
    2002     150    25.2     8.5    23.8     1.3    21.9
    2002     151    25.4     8.7    23.9     1.3    22.1
    2002     152    25.5     8.8    23.9     1.1    22.3
    2002     153    25.7     9.0    24.0     1.1    22.5
    2002     154    25.9     9.1    24.1     1.1    22.7
    2002     155    26.0     9.3    24.2     1.1    22.8
    2002     156    26.2     9.4    24.3     1.1    23.0
    2002     157    26.4     9.6    24.3     1.1    23.2
    2002     158    26.5     9.7    24.4     1.1    23.4
    2002     159    26.7     9.9    24.5     1.1    23.6
    2002     160    26.9    10.0    24.6     1.1    23.7
    2002     161    27.0    10.2    24.7     1.1    23.9
    2002     162    27.2    10.3    24.7     1.1    24.1
    2002     163    27.4    10.5    24.8     1.1    24.3
    2002     164    27.5    10.6    24.9     1.1    24.5
    2002     165    27.7    10.7    25.0     1.1    24.7
    2002     166    27.9    10.9    25.1     1.1    24.8
    2002     167    28.0    11.0    25.1     1.1    24.9
    2002     168    28.1    11.1    25.1     1.1    25.1
    2002     169    28.3    11.2    25.0     1.1    25.2
    2002     170    28.4    11.3    25.0     1.1    25.3
    2002     171    28.5    11.3    25.0     1.1    25.4
    2002     172    28.7    11.4    25.0     1.1    25.5
    2002     173    28.8    11.5    25.0     1.1    25.6
    2002     174    28.9    11.6    25.0     1.1    25.7
    2002     175    29.1    11.7    25.0     1.1    25.8
    2002     176    29.2    11.8    25.0     1.1    25.9
    2002     177    29.3    11.9    25.0     1.1    26.0
    2002     178    29.5    12.0    25.0     1.1    26.1
    2002     179    29.6    12.1    25.0     1.1    26.2
    2002     180    29.7    12.1    25.0     1.1    26.4
    2002     181    29.8    12.2    25.0     1.1    26.5
    2002     182    30.0    12.3    25.0     1.0    26.6
    2002     183    30.1    12.4    25.0     1.0    26.7
    2002     184    30.2    12.5    25.0     1.0    26.8
    2002     185    30.4    12.6    24.9     1.0    26.9
    2002     186    30.5    12.7    24.9     1.0    27.0
    2002     187    30.6    12.8    24.9     1.0    27.1
    2002     188    30.8    12.9    24.9     1.0    27.2
    2002     189    30.9    12.9    24.9     1.0    27.3
    2002     190    31.0    13.0    24.9     1.0    27.4
    2002     191    31.2    13.1    24.9     1.0    27.5
    2002     192    31.3    13.2    24.9     1.0    27.7
    2002     193    31.4    13.3    24.9     1.0    27.8
    2002     194    31.6    13.4    24.9     1.0    27.9
    2002     195    31.7    13.5    24.9     1.0    28.0
    2002     196    31.8    13.6    24.9     1.0    28.1
    2002     197    31.8    13.5    24.8     1.0    28.0
    2002     198    31.7    13.5    24.7     1.0    28.0
    2002     199    31.7    13.4    24.6     1.0    28.0
    2002     200    31.6    13.4    24.5     1.0    27.9
    2002     201    31.5    13.4    24.4     1.0    27.9
    2002     202    31.5    13.3    24.2     1.0    27.8
    2002     203    31.4    13.3    24.1     1.0    27.8
    2002     204    31.4    13.2    24.0     1.0    27.8
    2002     205    31.3    13.2    23.9     1.0    27.7
    2002     206    31.3    13.2    23.8     1.0    27.7
    2002     207    31.2    13.1    23.7     1.0    27.6
    2002     208    31.2    13.1    23.6     1.0    27.6
    2002     209    31.1    13.0    23.5     1.0    27.5
    2002     210    31.0    13.0    23.4     1.0    27.5
    2002     211    31.0    13.0    23.3     1.0    27.5
    2002     212    30.9    12.9    23.2     1.0    27.4
    2002     213    30.9    12.9    23.1     1.2    27.4
    2002     214    30.8    12.8    23.0     1.2    27.3
    2002     215    30.8    12.8    22.9     1.2    27.3
    2002     216    30.7    12.8    22.8     1.2    27.3
    2002     217    30.7    12.7    22.7     1.2    27.2
    2002     218    30.6    12.7    22.6     1.2    27.2
    2002     219    30.5    12.6    22.5     1.2    27.1
    2002     220    30.5    12.6    22.3     1.2    27.1
    2002     221    30.4    12.6    22.2     1.2    27.1
    2002     222    30.4    12.5    22.1     1.2    27.0
    2002     223    30.3    12.5    22.0     1.2    27.0
    2002     224    30.3    12.4    21.9     1.2    26.9
    2002     225    30.2    12.4    21.8     1.2    26.9
    2002     226    30.2    12.4    21.7     1.2    26.9
    2002     227    30.1    12.3    21.6     1.2    26.8
    2002     228    29.9    12.1    21.5     1.2    26.6
    2002     229    29.8    12.0    21.4     1.2    26.5
    2002     230    29.6    11.8    21.3     1.2    26.3
    2002     231    29.5    11.6    21.1     1.2    26.1
    2002     232    29.3    11.4    21.0     1.2    26.0
    2002     233    29.1    11.2    20.9     1.2    25.8
    2002     234    29.0    11.1    20.8     1.2    25.6
    2002     235    28.8    10.9    20.7     1.2    25.5
    2002     236    28.7    10.7    20.6     1.2    25.3
    2002     237    28.5    10.5    20.4     1.2    25.1
    2002     238    28.3    10.3    20.3     1.2    25.0
    2002     239    28.2    10.2    20.2     1.2    24.8
    2002     240    28.0    10.0    20.1     1.2    24.6
    2002     241    27.8     9.8    20.0     1.2    24.5
    2002     242    27.7     9.6    19.9     1.2    24.3
    2002     243    27.5     9.4    19.7     1.2    24.1
    2002     244    27.4     9.3    19.6     0.8    24.0
    2002     245    27.2     9.1    19.5     0.8    23.8
    2002     246    27.0     8.9    19.4     0.8    23.6
    2002     247    26.9     8.7    19.3     0.8    23.5
    2002     248    26.7     8.5    19.2     0.8    23.3
    2002     249    26.6     8.4    19.1     0.8    23.1
    2002     250    26.4     8.2    18.9     0.8    23.0
    2002     251    26.2     8.0    18.8     0.8    22.8
    2002     252    26.1     7.8    18.7     0.8    22.6
    2002     253    25.9     7.6    18.6     0.8    22.5
    2002     254    25.8     7.5    18.5     0.8    22.3
    2002     255    25.6     7.3    18.4     0.8    22.1
    2002     256    25.4     7.1    18.2     0.8    22.0
    2002     257    25.3     6.9    18.1     0.8    21.8
    2002     258    25.1     6.7    18.0     0.8    21.6
    2002     259    24.9     6.5    17.8     0.8    21.4
    2002     260    24.6     6.3    17.7     0.8    21.1
    2002     261    24.4     6.1    17.5     0.8    20.8
    2002     262    24.2     5.9    17.3     0.8    20.5
    2002     263    23.9     5.7    17.2     0.8    20.2
    2002     264    23.7     5.4    17.0     0.8    19.9
    2002     265    23.5     5.2    16.8     0.8    19.6
    2002     266    23.2     5.0    16.6     0.8    19.3
    2002     267    23.0     4.8    16.5     0.8    19.1
    2002     268    22.8     4.6    16.3     0.8    18.8
    2002     269    22.5     4.4    16.1     0.8    18.5
    2002     270    22.3     4.1    16.0     0.8    18.2
    2002     271    22.1     3.9    15.8     0.8    17.9
    2002     272    21.8     3.7    15.6     0.8    17.6
    2002     273    21.6     3.5    15.5     0.8    17.3
    2002     274    21.4     3.3    15.3     0.6    17.0
    2002     275    21.1     3.1    15.1     0.6    16.8
    2002     276    20.9     2.8    15.0     0.6    16.5
    2002     277    20.7     2.6    14.8     0.6    16.2
    2002     278    20.4     2.4    14.6     0.6    15.9
    2002     279    20.2     2.2    14.4     0.6    15.6
    2002     280    20.0     2.0    14.3     0.6    15.3
    2002     281    19.7     1.8    14.1     0.6    15.0
    2002     282    19.5     1.5    13.9     0.6    14.7
    2002     283    19.3     1.3    13.8     0.6    14.4
    2002     284    19.0     1.1    13.6     0.6    14.2
    2002     285    18.8     0.9    13.4     0.6    13.9
    2002     286    18.6     0.7    13.3     0.6    13.6
    2002     287    18.3     0.5    13.1     0.6    13.3
    2002     288    18.1     0.3    12.9     0.6    13.0
    2002     289    17.9     0.0    12.8     0.6    12.7
    2002     290    17.6    -0.2    12.7     0.6    12.5
    2002     291    17.4    -0.4    12.6     0.6    12.2
    2002     292    17.1    -0.6    12.5     0.6    12.0
    2002     293    16.9    -0.8    12.3     0.6    11.7
    2002     294    16.6    -1.0    12.2     0.6    11.4
    2002     295    16.4    -1.2    12.1     0.6    11.2
    2002     296    16.1    -1.4    12.0     0.6    10.9
    2002     297    15.9    -1.6    11.9     0.6    10.7
    2002     298    15.6    -1.8    11.8     0.6    10.4
    2002     299    15.4    -2.0    11.6     0.6    10.1
    2002     300    15.1    -2.2    11.5     0.6     9.9
    2002     301    14.9    -2.4    11.4     0.6     9.6
    2002     302    14.6    -2.6    11.3     0.6     9.3
    2002     303    14.4    -2.8    11.2     0.6     9.1
    2002     304    14.2    -3.0    11.1     0.6     8.8
    2002     305    13.9    -3.3    11.0     0.2     8.6
    2002     306    13.7    -3.5    10.8     0.2     8.3
    2002     307    13.4    -3.7    10.7     0.2     8.0
    2002     308    13.2    -3.9    10.6     0.2     7.8
    2002     309    12.9    -4.1    10.5     0.2     7.5
    2002     310    12.7    -4.3    10.4     0.2     7.2
    2002     311    12.4    -4.5    10.3     0.2     7.0
    2002     312    12.2    -4.7    10.1     0.2     6.7
    2002     313    11.9    -4.9    10.0     0.2     6.5
    2002     314    11.7    -5.1     9.9     0.2     6.2
    2002     315    11.4    -5.3     9.8     0.2     5.9
    2002     316    11.2    -5.5     9.7     0.2     5.7
    2002     317    10.9    -5.7     9.6     0.2     5.4
    2002     318    10.7    -5.9     9.5     0.2     5.1
    2002     319    10.4    -6.1     9.3     0.2     4.9
    2002     320    10.3    -6.3     9.3     0.2     4.7
    2002     321    10.1    -6.5     9.2     0.2     4.5
    2002     322     9.9    -6.7     9.2     0.2     4.4
    2002     323     9.7    -6.8     9.1     0.2     4.2
    2002     324     9.5    -7.0     9.1     0.2     4.0
    2002     325     9.3    -7.2     9.0     0.2     3.9
    2002     326     9.1    -7.3     9.0     0.2     3.7
    2002     327     9.0    -7.5     8.9     0.2     3.5
    2002     328     8.8    -7.7     8.9     0.2     3.3
    2002     329     8.6    -7.9     8.8     0.2     3.2
    2002     330     8.4    -8.0     8.8     0.2     3.0
    2002     331     8.2    -8.2     8.7     0.2     2.8
    2002     332     8.0    -8.4     8.6     0.2     2.7
    2002     333     7.8    -8.5     8.6     0.2     2.5
    2002     334     7.7    -8.7     8.5     0.2     2.3
    2002     335     7.5    -8.9     8.5     0.1     2.1
    2002     336     7.3    -9.1     8.4     0.1     2.0
    2002     337     7.1    -9.2     8.4     0.1     1.8
    2002     338     6.9    -9.4     8.3     0.1     1.6
    2002     339     6.7    -9.6     8.3     0.1     1.5
    2002     340     6.5    -9.8     8.2     0.1     1.3
    2002     341     6.4    -9.9     8.2     0.1     1.1
    2002     342     6.2   -10.1     8.1     0.1     0.9
    2002     343     6.0   -10.3     8.1     0.1     0.8
    2002     344     5.8   -10.4     8.0     0.1     0.6
    2002     345     5.6   -10.6     8.0     0.1     0.4
    2002     346     5.4   -10.8     7.9     0.1     0.3
    2002     347     5.2   -11.0     7.9     0.1     0.1
    2002     348     5.1   -11.1     7.8     0.1    -0.1
    2002     349     4.9   -11.3     7.7     0.1    -0.3
    2002     350     4.9   -11.3     7.8     0.1    -0.3
    2002     351     4.9   -11.3     7.8     0.1    -0.3
    2002     352     4.9   -11.3     7.8     0.1    -0.3
    2002     353     4.9   -11.3     7.9     0.1    -0.3
    2002     354     4.9   -11.4     7.9     0.1    -0.3
    2002     355     4.9   -11.4     7.9     0.1    -0.3
    2002     356     4.9   -11.4     8.0     0.1    -0.3
    2002     357     4.9   -11.4     8.0     0.1    -0.3
    2002     358     4.9   -11.4     8.0     0.1    -0.3
    2002     359     4.9   -11.4     8.1     0.1    -0.4
    2002     360     4.9   -11.4     8.1     0.1    -0.4
    2002     361     4.9   -11.4     8.1     0.1    -0.4
    2002     362     4.9   -11.4     8.1     0.1    -0.4
    2002     363     4.9   -11.4     8.2     0.1    -0.4
    2002     364     4.9   -11.5     8.2     0.1    -0.4
    2002     365     4.9   -11.5     8.2     0.1    -0.4
    2003       1     5.0   -11.5     8.3     0.1    -0.4
    2003       2     5.0   -11.5     8.3     0.1    -0.4
    2003       3     5.0   -11.5     8.3     0.1    -0.4
    2003       4     5.0   -11.5     8.4     0.1    -0.5
    2003       5     5.0   -11.5     8.4     0.1    -0.5
    2003       6     5.0   -11.5     8.4     0.1    -0.5
    2003       7     5.0   -11.5     8.5     0.1    -0.5
    2003       8     5.0   -11.6     8.5     0.1    -0.5
    2003       9     5.0   -11.6     8.5     0.1    -0.5
    2003      10     5.0   -11.6     8.5     0.1    -0.5
    2003      11     5.0   -11.6     8.6     0.1    -0.5
    2003      12     5.0   -11.6     8.6     0.1    -0.5
    2003      13     5.0   -11.6     8.6     0.1    -0.5
    2003      14     5.0   -11.6     8.7     0.1    -0.6
    2003      15     5.0   -11.6     8.7     0.1    -0.6
    2003      16     5.1   -11.5     8.8     0.1    -0.5
    2003      17     5.2   -11.5     8.9     0.1    -0.4
    2003      18     5.3   -11.4     9.0     0.1    -0.4
    2003      19     5.3   -11.3     9.2     0.1    -0.3
    2003      20     5.4   -11.2     9.3     0.1    -0.3
    2003      21     5.5   -11.1     9.4     0.1    -0.2
    2003      22     5.5   -11.0     9.5     0.1    -0.1
    2003      23     5.6   -11.0     9.6     0.1    -0.1
    2003      24     5.7   -10.9     9.7     0.1     0.0
    2003      25     5.7   -10.8     9.9     0.1     0.1
    2003      26     5.8   -10.7    10.0     0.1     0.1
    2003      27     5.9   -10.6    10.1     0.1     0.2
    2003      28     5.9   -10.5    10.2     0.1     0.3
    2003      29     6.0   -10.5    10.3     0.1     0.3
    2003      30     6.1   -10.4    10.4     0.1     0.4
    2003      31     6.2   -10.3    10.5     0.1     0.4
    2003      32     6.2   -10.2    10.7     0.1     0.5
    2003      33     6.3   -10.1    10.8     0.1     0.6
    2003      34     6.4   -10.0    10.9     0.1     0.6
    2003      35     6.4    -9.9    11.0     0.1     0.7
    2003      36     6.5    -9.9    11.1     0.1     0.8
    2003      37     6.6    -9.8    11.2     0.1     0.8
    2003      38     6.6    -9.7    11.4     0.1     0.9
    2003      39     6.7    -9.6    11.5     0.1     0.9
    2003      40     6.8    -9.5    11.6     0.1     1.0
    2003      41     6.9    -9.4    11.7     0.1     1.1
    2003      42     6.9    -9.4    11.8     0.1     1.1
    2003      43     7.0    -9.3    11.9     0.1     1.2
    2003      44     7.1    -9.2    12.0     0.1     1.3
    2003      45     7.1    -9.1    12.2     0.1     1.3
    2003      46     7.3    -8.9    12.3     0.1     1.5
    2003      47     7.5    -8.8    12.5     0.1     1.7
    2003      48     7.7    -8.6    12.6     0.1     1.9
    2003      49     7.9    -8.5    12.8     0.1     2.1
    2003      50     8.1    -8.3    13.0     0.1     2.2
    2003      51     8.3    -8.1    13.1     0.1     2.4
    2003      52     8.5    -8.0    13.3     0.1     2.6
    2003      53     8.7    -7.8    13.5     0.1     2.8
    2003      54     8.9    -7.6    13.6     0.1     3.0
    2003      55     9.1    -7.5    13.8     0.1     3.2
    2003      56     9.3    -7.3    13.9     0.1     3.3
    2003      57     9.5    -7.1    14.1     0.1     3.5
    2003      58     9.7    -7.0    14.3     0.1     3.7
    2003      59     9.9    -6.8    14.4     0.1     3.9
    2003      60    10.1    -6.7    14.6     0.4     4.1
    2003      61    10.3    -6.5    14.7     0.4     4.3
    2003      62    10.5    -6.3    14.9     0.4     4.4
    2003      63    10.7    -6.2    15.1     0.4     4.6
    2003      64    10.9    -6.0    15.2     0.4     4.8
    2003      65    11.1    -5.8    15.4     0.4     5.0
    2003      66    11.3    -5.7    15.5     0.4     5.2
    2003      67    11.5    -5.5    15.7     0.4     5.4
    2003      68    11.7    -5.3    15.9     0.4     5.5
    2003      69    11.9    -5.2    16.0     0.4     5.7
    2003      70    12.1    -5.0    16.2     0.4     5.9
    2003      71    12.3    -4.8    16.3     0.4     6.1
    2003      72    12.5    -4.7    16.5     0.4     6.3
    2003      73    12.7    -4.5    16.7     0.4     6.4
    2003      74    13.1    -4.2    16.8     0.4     6.6
    2003      75    13.2    -4.1    16.9     0.4     6.8
    2003      76    13.3    -3.9    17.0     0.4     7.0
    2003      77    13.5    -3.8    17.1     0.4     7.2
    2003      78    13.6    -3.6    17.2     0.4     7.4
    2003      79    13.7    -3.5    17.3     0.4     7.6
    2003      80    13.9    -3.3    17.4     0.4     7.8
    2003      81    14.0    -3.2    17.5     0.4     7.9
    2003      82    14.1    -3.1    17.6     0.4     8.1
    2003      83    14.3    -2.9    17.7     0.4     8.3
    2003      84    14.4    -2.8    17.8     0.4     8.5
    2003      85    14.5    -2.6    17.9     0.4     8.7
    2003      86    14.6    -2.5    18.0     0.4     8.9
    2003      87    14.8    -2.3    18.1     0.4     9.1
    2003      88    14.9    -2.2    18.2     0.4     9.2
    2003      89    15.0    -2.1    18.3     0.4     9.4
    2003      90    15.2    -1.9    18.4     0.4     9.6
    2003      91    15.3    -1.8    18.5     1.1     9.8
    2003      92    15.4    -1.6    18.6     1.1    10.0
    2003      93    15.5    -1.5    18.7     1.1    10.2
    2003      94    15.7    -1.4    18.8     1.1    10.4
    2003      95    15.8    -1.2    18.9     1.1    10.5
    2003      96    15.9    -1.1    19.0     1.1    10.7
    2003      97    16.1    -0.9    19.1     1.1    10.9
    2003      98    16.2    -0.8    19.2     1.1    11.1
    2003      99    16.3    -0.6    19.2     1.1    11.3
    2003     100    16.4    -0.5    19.3     1.1    11.5
    2003     101    16.6    -0.4    19.4     1.1    11.7
    2003     102    16.7    -0.2    19.5     1.1    11.9
    2003     103    16.8    -0.1    19.6     1.1    12.0
    2003     104    17.0     0.1    19.7     1.1    12.2
    2003     105    17.1     0.2    19.8     1.1    12.4
    2003     106    17.3     0.4    19.9     1.1    12.6
    2003     107    17.5     0.6    20.0     1.1    12.9
    2003     108    17.7     0.8    20.1     1.1    13.1
    2003     109    17.8     1.0    20.2     1.1    13.3
    2003     110    18.0     1.2    20.3     1.1    13.5
    2003     111    18.2     1.4    20.4     1.1    13.8
    2003     112    18.4     1.6    20.5     1.1    14.0
    2003     113    18.6     1.8    20.6     1.1    14.2
    2003     114    18.8     2.1    20.7     1.1    14.5
    2003     115    19.0     2.3    20.7     1.1    14.7
    2003     116    19.2     2.5    20.8     1.1    14.9
    2003     117    19.3     2.7    20.9     1.1    15.1
    2003     118    19.5     2.9    21.0     1.1    15.4
    2003     119    19.7     3.1    21.1     1.1    15.6
    2003     120    19.9     3.3    21.2     1.1    15.8
    2003     121    20.1     3.5    21.3     1.3    16.0
    2003     122    20.3     3.7    21.4     1.3    16.3
    2003     123    20.5     3.9    21.5     1.3    16.5
    2003     124    20.7     4.1    21.6     1.3    16.7
    2003     125    20.8     4.3    21.7     1.3    16.9
    2003     126    21.0     4.5    21.8     1.3    17.2
    2003     127    21.2     4.7    21.8     1.3    17.4
    2003     128    21.4     4.9    21.9     1.3    17.6
    2003     129    21.6     5.1    22.0     1.3    17.9
    2003     130    21.8     5.3    22.1     1.3    18.1
    2003     131    22.0     5.5    22.2     1.3    18.3
    2003     132    22.2     5.7    22.3     1.3    18.5
    2003     133    22.3     5.9    22.4     1.3    18.8
    2003     134    22.5     6.1    22.5     1.3    19.0
    2003     135    22.7     6.3    22.6     1.3    19.2
    2003     136    22.9     6.5    22.7     1.3    19.4
    2003     137    23.1     6.6    22.7     1.3    19.6
    2003     138    23.2     6.8    22.8     1.3    19.8
    2003     139    23.4     6.9    22.9     1.3    19.9
    2003     140    23.6     7.1    23.0     1.3    20.1
    2003     141    23.7     7.2    23.1     1.3    20.3
    2003     142    23.9     7.4    23.1     1.3    20.5
    2003     143    24.0     7.5    23.2     1.3    20.7
    2003     144    24.2     7.7    23.3     1.3    20.8
    2003     145    24.4     7.8    23.4     1.3    21.0
    2003     146    24.5     8.0    23.5     1.3    21.2
    2003     147    24.7     8.1    23.5     1.3    21.4
    2003     148    24.9     8.3    23.6     1.3    21.6
    2003     149    25.0     8.4    23.7     1.3    21.8
    2003     150    25.2     8.5    23.8     1.3    21.9
    2003     151    25.4     8.7    23.9     1.3    22.1
    2003     152    25.5     8.8    23.9     1.1    22.3
    2003     153    25.7     9.0    24.0     1.1    22.5
    2003     154    25.9     9.1    24.1     1.1    22.7
    2003     155    26.0     9.3    24.2     1.1    22.8
    2003     156    26.2     9.4    24.3     1.1    23.0
    2003     157    26.4     9.6    24.3     1.1    23.2
    2003     158    26.5     9.7    24.4     1.1    23.4
    2003     159    26.7     9.9    24.5     1.1    23.6
    2003     160    26.9    10.0    24.6     1.1    23.7
    2003     161    27.0    10.2    24.7     1.1    23.9
    2003     162    27.2    10.3    24.7     1.1    24.1
    2003     163    27.4    10.5    24.8     1.1    24.3
    2003     164    27.5    10.6    24.9     1.1    24.5
    2003     165    27.7    10.7    25.0     1.1    24.7
    2003     166    27.9    10.9    25.1     1.1    24.8
    2003     167    28.0    11.0    25.1     1.1    24.9
    2003     168    28.1    11.1    25.1     1.1    25.1
    2003     169    28.3    11.2    25.0     1.1    25.2
    2003     170    28.4    11.3    25.0     1.1    25.3
    2003     171    28.5    11.3    25.0     1.1    25.4
    2003     172    28.7    11.4    25.0     1.1    25.5
    2003     173    28.8    11.5    25.0     1.1    25.6
    2003     174    28.9    11.6    25.0     1.1    25.7
    2003     175    29.1    11.7    25.0     1.1    25.8
    2003     176    29.2    11.8    25.0     1.1    25.9
    2003     177    29.3    11.9    25.0     1.1    26.0
    2003     178    29.5    12.0    25.0     1.1    26.1
    2003     179    29.6    12.1    25.0     1.1    26.2
    2003     180    29.7    12.1    25.0     1.1    26.4
    2003     181    29.8    12.2    25.0     1.1    26.5
    2003     182    30.0    12.3    25.0     1.0    26.6
    2003     183    30.1    12.4    25.0     1.0    26.7
    2003     184    30.2    12.5    25.0     1.0    26.8
    2003     185    30.4    12.6    24.9     1.0    26.9
    2003     186    30.5    12.7    24.9     1.0    27.0
    2003     187    30.6    12.8    24.9     1.0    27.1
    2003     188    30.8    12.9    24.9     1.0    27.2
    2003     189    30.9    12.9    24.9     1.0    27.3
    2003     190    31.0    13.0    24.9     1.0    27.4
    2003     191    31.2    13.1    24.9     1.0    27.5
    2003     192    31.3    13.2    24.9     1.0    27.7
    2003     193    31.4    13.3    24.9     1.0    27.8
    2003     194    31.6    13.4    24.9     1.0    27.9
    2003     195    31.7    13.5    24.9     1.0    28.0
    2003     196    31.8    13.6    24.9     1.0    28.1
    2003     197    31.8    13.5    24.8     1.0    28.0
    2003     198    31.7    13.5    24.7     1.0    28.0
    2003     199    31.7    13.4    24.6     1.0    28.0
    2003     200    31.6    13.4    24.5     1.0    27.9
    2003     201    31.5    13.4    24.4     1.0    27.9
    2003     202    31.5    13.3    24.2     1.0    27.8
    2003     203    31.4    13.3    24.1     1.0    27.8
    2003     204    31.4    13.2    24.0     1.0    27.8
    2003     205    31.3    13.2    23.9     1.0    27.7
    2003     206    31.3    13.2    23.8     1.0    27.7
    2003     207    31.2    13.1    23.7     1.0    27.6
    2003     208    31.2    13.1    23.6     1.0    27.6
    2003     209    31.1    13.0    23.5     1.0    27.5
    2003     210    31.0    13.0    23.4     1.0    27.5
    2003     211    31.0    13.0    23.3     1.0    27.5
    2003     212    30.9    12.9    23.2     1.0    27.4
    2003     213    30.9    12.9    23.1     1.2    27.4
    2003     214    30.8    12.8    23.0     1.2    27.3
    2003     215    30.8    12.8    22.9     1.2    27.3
    2003     216    30.7    12.8    22.8     1.2    27.3
    2003     217    30.7    12.7    22.7     1.2    27.2
    2003     218    30.6    12.7    22.6     1.2    27.2
    2003     219    30.5    12.6    22.5     1.2    27.1
    2003     220    30.5    12.6    22.3     1.2    27.1
    2003     221    30.4    12.6    22.2     1.2    27.1
    2003     222    30.4    12.5    22.1     1.2    27.0
    2003     223    30.3    12.5    22.0     1.2    27.0
    2003     224    30.3    12.4    21.9     1.2    26.9
    2003     225    30.2    12.4    21.8     1.2    26.9
    2003     226    30.2    12.4    21.7     1.2    26.9
    2003     227    30.1    12.3    21.6     1.2    26.8
    2003     228    29.9    12.1    21.5     1.2    26.6
    2003     229    29.8    12.0    21.4     1.2    26.5
    2003     230    29.6    11.8    21.3     1.2    26.3
    2003     231    29.5    11.6    21.1     1.2    26.1
    2003     232    29.3    11.4    21.0     1.2    26.0
    2003     233    29.1    11.2    20.9     1.2    25.8
    2003     234    29.0    11.1    20.8     1.2    25.6
    2003     235    28.8    10.9    20.7     1.2    25.5
    2003     236    28.7    10.7    20.6     1.2    25.3
    2003     237    28.5    10.5    20.4     1.2    25.1
    2003     238    28.3    10.3    20.3     1.2    25.0
    2003     239    28.2    10.2    20.2     1.2    24.8
    2003     240    28.0    10.0    20.1     1.2    24.6
    2003     241    27.8     9.8    20.0     1.2    24.5
    2003     242    27.7     9.6    19.9     1.2    24.3
    2003     243    27.5     9.4    19.7     1.2    24.1
    2003     244    27.4     9.3    19.6     0.8    24.0
    2003     245    27.2     9.1    19.5     0.8    23.8
    2003     246    27.0     8.9    19.4     0.8    23.6
    2003     247    26.9     8.7    19.3     0.8    23.5
    2003     248    26.7     8.5    19.2     0.8    23.3
    2003     249    26.6     8.4    19.1     0.8    23.1
    2003     250    26.4     8.2    18.9     0.8    23.0
    2003     251    26.2     8.0    18.8     0.8    22.8
    2003     252    26.1     7.8    18.7     0.8    22.6
    2003     253    25.9     7.6    18.6     0.8    22.5
    2003     254    25.8     7.5    18.5     0.8    22.3
    2003     255    25.6     7.3    18.4     0.8    22.1
    2003     256    25.4     7.1    18.2     0.8    22.0
    2003     257    25.3     6.9    18.1     0.8    21.8
    2003     258    25.1     6.7    18.0     0.8    21.6
    2003     259    24.9     6.5    17.8     0.8    21.4
    2003     260    24.6     6.3    17.7     0.8    21.1
    2003     261    24.4     6.1    17.5     0.8    20.8
    2003     262    24.2     5.9    17.3     0.8    20.5
    2003     263    23.9     5.7    17.2     0.8    20.2
    2003     264    23.7     5.4    17.0     0.8    19.9
    2003     265    23.5     5.2    16.8     0.8    19.6
    2003     266    23.2     5.0    16.6     0.8    19.3
    2003     267    23.0     4.8    16.5     0.8    19.1
    2003     268    22.8     4.6    16.3     0.8    18.8
    2003     269    22.5     4.4    16.1     0.8    18.5
    2003     270    22.3     4.1    16.0     0.8    18.2
    2003     271    22.1     3.9    15.8     0.8    17.9
    2003     272    21.8     3.7    15.6     0.8    17.6
    2003     273    21.6     3.5    15.5     0.8    17.3
    2003     274    21.4     3.3    15.3     0.6    17.0
    2003     275    21.1     3.1    15.1     0.6    16.8
    2003     276    20.9     2.8    15.0     0.6    16.5
    2003     277    20.7     2.6    14.8     0.6    16.2
    2003     278    20.4     2.4    14.6     0.6    15.9
    2003     279    20.2     2.2    14.4     0.6    15.6
    2003     280    20.0     2.0    14.3     0.6    15.3
    2003     281    19.7     1.8    14.1     0.6    15.0
    2003     282    19.5     1.5    13.9     0.6    14.7
    2003     283    19.3     1.3    13.8     0.6    14.4
    2003     284    19.0     1.1    13.6     0.6    14.2
    2003     285    18.8     0.9    13.4     0.6    13.9
    2003     286    18.6     0.7    13.3     0.6    13.6
    2003     287    18.3     0.5    13.1     0.6    13.3
    2003     288    18.1     0.3    12.9     0.6    13.0
    2003     289    17.9     0.0    12.8     0.6    12.7
    2003     290    17.6    -0.2    12.7     0.6    12.5
    2003     291    17.4    -0.4    12.6     0.6    12.2
    2003     292    17.1    -0.6    12.5     0.6    12.0
    2003     293    16.9    -0.8    12.3     0.6    11.7
    2003     294    16.6    -1.0    12.2     0.6    11.4
    2003     295    16.4    -1.2    12.1     0.6    11.2
    2003     296    16.1    -1.4    12.0     0.6    10.9
    2003     297    15.9    -1.6    11.9     0.6    10.7
    2003     298    15.6    -1.8    11.8     0.6    10.4
    2003     299    15.4    -2.0    11.6     0.6    10.1
    2003     300    15.1    -2.2    11.5     0.6     9.9
    2003     301    14.9    -2.4    11.4     0.6     9.6
    2003     302    14.6    -2.6    11.3     0.6     9.3
    2003     303    14.4    -2.8    11.2     0.6     9.1
    2003     304    14.2    -3.0    11.1     0.6     8.8
    2003     305    13.9    -3.3    11.0     0.2     8.6
    2003     306    13.7    -3.5    10.8     0.2     8.3
    2003     307    13.4    -3.7    10.7     0.2     8.0
    2003     308    13.2    -3.9    10.6     0.2     7.8
    2003     309    12.9    -4.1    10.5     0.2     7.5
    2003     310    12.7    -4.3    10.4     0.2     7.2
    2003     311    12.4    -4.5    10.3     0.2     7.0
    2003     312    12.2    -4.7    10.1     0.2     6.7
    2003     313    11.9    -4.9    10.0     0.2     6.5
    2003     314    11.7    -5.1     9.9     0.2     6.2
    2003     315    11.4    -5.3     9.8     0.2     5.9
    2003     316    11.2    -5.5     9.7     0.2     5.7
    2003     317    10.9    -5.7     9.6     0.2     5.4
    2003     318    10.7    -5.9     9.5     0.2     5.1
    2003     319    10.4    -6.1     9.3     0.2     4.9
    2003     320    10.3    -6.3     9.3     0.2     4.7
    2003     321    10.1    -6.5     9.2     0.2     4.5
    2003     322     9.9    -6.7     9.2     0.2     4.4
    2003     323     9.7    -6.8     9.1     0.2     4.2
    2003     324     9.5    -7.0     9.1     0.2     4.0
    2003     325     9.3    -7.2     9.0     0.2     3.9
    2003     326     9.1    -7.3     9.0     0.2     3.7
    2003     327     9.0    -7.5     8.9     0.2     3.5
    2003     328     8.8    -7.7     8.9     0.2     3.3
    2003     329     8.6    -7.9     8.8     0.2     3.2
    2003     330     8.4    -8.0     8.8     0.2     3.0
    2003     331     8.2    -8.2     8.7     0.2     2.8
    2003     332     8.0    -8.4     8.6     0.2     2.7
    2003     333     7.8    -8.5     8.6     0.2     2.5
    2003     334     7.7    -8.7     8.5     0.2     2.3
    2003     335     7.5    -8.9     8.5     0.1     2.1
    2003     336     7.3    -9.1     8.4     0.1     2.0
    2003     337     7.1    -9.2     8.4     0.1     1.8
    2003     338     6.9    -9.4     8.3     0.1     1.6
    2003     339     6.7    -9.6     8.3     0.1     1.5
    2003     340     6.5    -9.8     8.2     0.1     1.3
    2003     341     6.4    -9.9     8.2     0.1     1.1
    2003     342     6.2   -10.1     8.1     0.1     0.9
    2003     343     6.0   -10.3     8.1     0.1     0.8
    2003     344     5.8   -10.4     8.0     0.1     0.6
    2003     345     5.6   -10.6     8.0     0.1     0.4
    2003     346     5.4   -10.8     7.9     0.1     0.3
    2003     347     5.2   -11.0     7.9     0.1     0.1
    2003     348     5.1   -11.1     7.8     0.1    -0.1
    2003     349     4.9   -11.3     7.7     0.1    -0.3
    2003     350     4.9   -11.3     7.8     0.1    -0.3
    2003     351     4.9   -11.3     7.8     0.1    -0.3
    2003     352     4.9   -11.3     7.8     0.1    -0.3
    2003     353     4.9   -11.3     7.9     0.1    -0.3
    2003     354     4.9   -11.4     7.9     0.1    -0.3
    2003     355     4.9   -11.4     7.9     0.1    -0.3
    2003     356     4.9   -11.4     8.0     0.1    -0.3
    2003     357     4.9   -11.4     8.0     0.1    -0.3
    2003     358     4.9   -11.4     8.0     0.1    -0.3
    2003     359     4.9   -11.4     8.1     0.1    -0.4
    2003     360     4.9   -11.4     8.1     0.1    -0.4
    2003     361     4.9   -11.4     8.1     0.1    -0.4
    2003     362     4.9   -11.4     8.1     0.1    -0.4
    2003     363     4.9   -11.4     8.2     0.1    -0.4
    2003     364     4.9   -11.5     8.2     0.1    -0.4
    2003     365     4.9   -11.5     8.2     0.1    -0.4
