    2008     157    16.4     9.5    12.6     0.0    13.0
    2008     158    26.9     6.4    32.7     0.0    16.2
    2008     159    22.4     7.9    29.3     0.0    17.1
    2008     160    22.2     9.7    27.6     0.0    17.7
    2008     161    23.5     8.5    31.5     0.0    17.7
    2008     162    32.2     8.2    30.7     0.0    19.6
    2008     163    21.0     8.4    23.4     0.0    16.1
    2008     164    23.1    13.5    29.9     0.0    18.8
    2008     165    26.9     4.8    32.1     0.0    17.1
    2008     166    31.7     6.7    32.2     0.0    19.1
    2008     167    29.6     9.3    26.4     0.0    19.4
    2008     168    24.6    14.2    17.3     0.0    18.4
    2008     169    34.2    12.0    29.8     0.0    20.8
    2008     170    30.1    10.9    20.3     0.0    19.3
    2008     171    28.2    15.6    27.8     0.0    21.8
    2008     172    28.1    13.0    38.4     0.0    21.2
    2008     173    30.3     9.8    31.2     0.0    21.2
    2008     174    32.1     8.9    22.9     0.0    20.9
    2008     175    28.6    11.2    22.9     0.0    20.8
    2008     176    32.8    17.7    20.0     0.0    23.5
    2008     177    31.6    17.4    14.9     0.0    23.7
    2008     178    32.7    16.1    28.3     0.0    22.9
    2008     179    30.8    11.0    28.1     0.0    21.4
    2008     180    27.6    13.2    25.4     0.0    22.5
    2008     181    28.5     8.2    30.8     0.0    22.7
    2008     182    33.3    10.8    30.2     0.0    25.1
    2008     183    32.6    13.1    24.4     0.0    24.1
    2008     184    31.9    15.6    18.6     4.1    25.7
    2008     185    25.2    16.7    29.6     0.0    22.4
    2008     186    35.6    12.8    30.3     0.0    24.6
    2008     187    36.4    13.5    20.6     0.0    25.7
    2008     188    30.0    14.9    18.2     5.1    25.7
    2008     189    29.2    14.0    17.0     0.3    22.8
    2008     190    29.1    13.4    34.7     0.0    22.8
    2008     191    33.0    11.1    28.6     0.0    22.1
    2008     192    36.0    13.0    29.9     0.0    24.2
    2008     193    36.3    11.9    27.3     0.0    25.8
    2008     194    27.1    10.2    29.4     0.0    21.9
    2008     195    33.8     8.5    30.2     0.0    24.1
    2008     196    34.9    11.0    28.7     0.0    24.6
    2008     197    35.5    17.3    35.3     0.0    25.4
    2008     198    35.4    14.0    29.2     0.0    25.4
    2008     199    30.0    18.5    22.8     0.0    24.3
    2008     200    30.7    14.5    27.7     0.0    24.2
    2008     201    36.5    11.9    29.6     0.0    23.6
    2008     202    37.1    13.2    24.9     0.0    25.7
    2008     203    34.0    14.0    26.5     0.0    27.1
    2008     204    35.3    14.7    27.7     0.0    26.6
    2008     205    32.9    18.1    16.4     0.8    24.6
    2008     206    34.7    14.9    27.7     3.3    24.5
    2008     207    30.5    14.5    23.4     0.0    22.4
    2008     208    31.8    15.9    24.7     0.0    23.4
    2008     209    35.0    15.5    26.0     0.0    25.9
    2008     210    34.4    13.9    25.5     0.0    25.0
    2008     211    33.3    13.4    27.2     0.0    25.1
    2008     212    36.3    11.0    28.5     0.0    11.8
    2008     213    33.2    12.8    28.3     0.0     0.0
    2008     214    37.2    15.2    28.3     0.0    29.4
    2008     215    38.2    13.4    21.4     0.0    29.6
    2008     216    34.9    15.4    16.8     0.0    29.5
    2008     217    32.3    12.7    18.7     0.0    25.9
    2008     218    30.0    14.4    23.6     0.0    25.2
    2008     219    30.7    14.5    21.6    41.9    27.7
    2008     220    24.8    16.2    26.8     0.3    24.6
    2008     221    28.6    15.0    22.6     0.0    25.1
    2008     222    29.4    15.1    22.4     0.0    26.1
    2008     223    29.2    16.1    16.8     0.3    27.3
    2008     224    29.1    12.4    24.4     0.0    24.1
    2008     225    30.7    10.4    27.3     0.0    23.7
    2008     226    31.8    11.0    25.4     0.0    24.6
    2008     227    25.5    11.2    21.5     8.6    24.7
    2008     228    13.8    10.4     2.7    55.9    16.2
    2008     229    16.2    10.5     7.1    30.0    16.2
    2008     230    21.3    11.9    20.3     0.8    19.9
    2008     231    24.3     9.9    25.7     0.0    20.9
    2008     232    27.1    10.1    24.1     0.0    21.6
    2008     233    30.9    11.5    24.4     0.0    22.5
    2008     234    31.5    10.6    26.0     0.0    22.7
    2008     235    25.7    10.8    24.0     0.0    21.8
    2008     236    28.4    11.2    20.6     0.0    22.3
    2008     237    27.4    12.5    21.8     0.0    23.4
    2008     238    28.5    10.2    19.2     0.0    23.1
    2008     239    32.2    10.7    22.0     0.3    23.5
    2008     240    23.8    11.0    20.4     0.0    22.8
    2008     241    24.3    10.5    23.6     0.0    21.9
    2008     242    29.5     7.9    23.8     0.0    22.0
    2008     243    32.0    12.6    21.1     0.0    23.4
    2008     244    32.0    10.6    21.2     4.3    23.5
    2008     245    29.0    12.9    23.2     0.0    22.9
    2008     246    18.0     9.4    13.8     0.0    17.7
    2008     247    23.1     5.8    23.6     0.0    16.4
    2008     248    22.6     4.2    22.4     0.0    17.1
    2008     249    14.7     8.5     9.8     5.6    16.1
    2008     250    20.1     7.7    22.6     0.0    17.6
    2008     251    24.8     6.6    22.9     0.0    18.9
    2008     252    11.9     5.8     7.4     0.5    15.1
    2008     253    25.8     4.4    20.9     0.0    16.9
    2008     254    27.6     7.9    18.8     0.0    18.6
    2008     255    18.5     8.1    11.5     3.8    16.9
    2008     256    17.1     7.4     8.7    29.0    15.5
    2008     257    24.9     4.4    20.5     0.0    15.5
    2008     258    16.9     6.4    17.3     0.0    16.3
    2008     259    24.0     3.6    21.9     0.0    16.0
    2008     260    27.8     4.5    21.7     0.0    17.3
    2008     261    27.9     6.1    19.6     0.0    17.3
    2008     262    26.7     6.8    19.3     0.0    17.9
    2008     263    26.6     7.2    18.8     0.0    17.6
    2008     264    26.9     5.3    18.6     0.0    16.6
    2008     265    25.1    10.4    13.8     0.0    17.3
    2008     266    27.9     6.7    17.8     0.0    17.7
    2008     267    23.4     5.2    20.1     0.0    16.2
    2008     268    26.3     4.4    19.7     0.0    16.3
    2008     269    30.1     4.9    19.9     0.0    16.7
    2008     270    30.1     6.6    14.1     0.0    17.2
    2008     271    22.8     7.7    13.3     0.0    16.7
    2008     272    29.7     4.6    18.4     0.0    15.8
    2008     273    21.4     3.3    18.7     0.0    14.8
    2008     274    26.6     2.4    18.8     0.0    14.8
    2008     275    25.4     4.2    18.4     0.0    14.6
    2008     276    27.4     3.9    13.0     0.0    14.9
    2008     277    25.1     3.4    14.2     0.0    14.2
    2008     278    23.0     5.1    10.9     0.0    14.1
    2008     279    22.3     7.3    12.3     1.3    14.9
    2008     280    19.2     3.6    17.7     0.0    12.6
    2008     281    21.3    -0.7    17.7     0.0    12.6
    2008     282    24.3     1.7    17.5     0.0    13.0
    2008     283    14.9     3.2     9.6     0.0    12.2
    2008     284    12.4     2.7    10.5     0.0    11.2
    2008     285     5.1     2.2     2.1     4.6     8.7
    2008     286     8.7     1.6     7.6     4.1     8.5
    2008     287    12.0    -2.4    16.4     0.0     8.5
    2008     288    11.2    -3.0    10.1     0.0     7.8
    2008     289    14.9    -1.5    15.9     0.0     8.6
    2008     290    23.3    -2.1    12.8     0.0     9.2
    2008     291    21.7     1.5    15.7     0.0    10.2
    2008     292    24.0     0.0    13.6     0.0    10.7
    2008     293    24.0     2.5    13.5     0.0    10.7
    2008     294    13.7     5.5     5.4     0.0    10.5
    2008     295    12.7     2.2     5.0     5.3     8.9
    2008     296     8.5    -0.7    14.8     0.0     5.4
    2008     297    15.2    -3.3    14.4     0.0     5.5
    2008     298    18.8    -3.9    12.5     0.0     6.3
    2008     299    23.6    -3.2    14.5     0.0     7.6
    2008     300    11.4    -5.1    13.4     0.0     6.8
    2008     301    13.1    -7.5    14.5     0.0     5.6
    2008     302    23.1    -4.5    14.1     0.0     7.3
    2008     303    23.8    -2.2    14.0     0.0     8.2
    2008     304    24.6     0.3    13.9     0.0     9.2
    2008     305    24.4    -3.1    13.2     0.0     8.8
    2008     306    23.8    -0.8    12.4     0.0     9.3
    2008     307    24.7    -1.4    12.2     0.0     9.7
    2008     308    19.9     4.4    12.5     0.0    10.5
    2008     309    18.5     0.3     8.4     0.0     9.4
    2008     310     8.6     2.1     8.2     3.0     5.9
    2008     311     8.1    -2.5     8.9     0.0     4.6
    2008     312    15.4    -9.0     8.5     0.0     4.3
    2008     313    11.5    -0.4     6.9     0.0     5.9
    2008     314    13.6    -4.4    10.4     0.0     6.1
    2008     315     4.0    -2.9     6.5     0.0     5.5
    2008     316    12.9    -3.2     8.4     0.0     6.6
    2008     317    13.4    -3.0     9.1     0.0     6.6
    2008     318    18.8    -2.2     9.3     0.0     7.0
    2008     319     4.8    -7.9    11.2     0.3     3.4
    2008     320     9.3   -11.5    10.6     0.0     2.3
    2008     321    19.7    -5.5    10.6     0.0     4.5
    2008     322    19.8    -4.9    11.2     0.0     5.4
    2008     323    26.7    -4.4    11.2     0.0     5.9
    2008     324    21.3    -2.7    11.0     0.0     6.5
    2008     325     0.4    -5.7     2.5     0.0     3.5
    2008     326    11.1    -9.2     9.5     0.0     3.5
    2008     327    13.2    -9.3    10.7     0.0     2.9
    2008     328    12.4    -8.1     7.0     0.0     2.4
    2008     329    12.3   -12.0    10.6     0.0     1.3
    2008     330     4.6   -11.2     3.5     0.0    -0.2
    2008     331    14.6   -10.1    10.0     0.0     0.7
    2008     332     4.3    -4.8     4.3     0.0     2.6
    2008     333    10.0    -4.1     8.3     0.0     3.3
    2008     334     8.7    -8.5     3.8     0.0     2.1
    2008     335     5.4    -5.0     5.0     0.0     2.2
    2008     336     9.7    -7.3     6.7     0.0     2.0
    2008     337    20.0    -4.8     9.2     0.0     3.5
    2008     338    -4.1    -7.3     4.4     0.0     1.0
    2008     339    -7.3   -20.3     6.8     0.0     1.0
    2008     340    -5.5   -16.8     6.4     0.0     1.4
    2008     341     3.1   -12.6     8.9     1.8     1.2
    2008     342     6.9    -5.2     4.8     0.0     1.4
    2008     343     6.0    -4.8     2.5     0.0     1.1
    2008     344     0.6   -10.2     8.7     0.0     0.1
    2008     345     8.4   -10.9     8.6     0.0    -0.5
    2008     346    10.9    -8.6     9.2     0.0    -0.2
    2008     347    -0.3    -7.1     4.0     0.0    -0.5
    2008     348    13.1   -11.1     8.4     0.0    -0.3
    2008     349   -11.0   -24.4     6.3     0.0    -1.3
    2008     350   -14.9   -23.4     2.9     0.0    -2.2
    2008     351    -2.8   -23.9     8.7     1.0    -2.4
    2008     352     0.9   -19.4     9.4     0.0    -2.5
    2008     353    -2.5   -15.0     5.8     0.0    -2.2
    2008     354    -0.3    -9.1     8.3     0.5    -1.5
    2008     355    -2.7   -15.3     9.7     0.0    -2.3
    2008     356   -10.7   -20.6     9.2     0.0    -4.3
    2008     357    -5.6   -17.1     6.7     0.0    -4.7
    2008     358    -5.0   -16.6     5.5     0.0    -4.9
    2008     359    -2.2   -19.3     8.9     0.0    -4.2
    2008     360     2.7   -16.3     9.4     0.0    -4.0
    2008     361     6.9   -10.2     5.7     0.0    -2.9
    2008     362    -0.9   -17.0     9.5     0.0    -5.2
    2008     363    11.5   -13.2     9.3     0.0    -4.1
    2008     364    10.4    -6.9     8.4     0.0    -2.6
    2008     365    14.2    -6.6     8.4     0.0    -1.2
    2008     366    11.8    -5.3     7.0     0.0    -1.6
    2009       1     9.5    -4.1     5.7     0.0    -2.0
    2009       2    15.9    -6.5     7.1     0.0    -1.5
    2009       3     2.5    -9.4     3.9     0.0    -1.7
    2009       4    -2.8   -16.1     8.3     0.0    -3.9
    2009       5    -2.2   -18.7     6.6     0.0    -5.6
    2009       6     6.6    -7.2     8.1     0.0    -3.4
    2009       7    13.0    -7.1     6.2     0.0    -2.2
    2009       8    16.3    -4.0     9.1     0.0    -0.1
    2009       9     6.7    -8.0     6.3     0.0    -0.1
    2009      10     6.4   -12.6     8.1     0.0    -2.0
    2009      11     7.3   -11.2     5.8     0.0    -2.4
    2009      12     0.4    -7.9     9.1     0.0    -1.6
    2009      13     3.5   -10.7    10.6     0.0    -2.0
    2009      14     3.9    -6.9     6.5     0.0    -1.3
    2009      15     2.8    -7.7     6.8     0.0    -1.0
    2009      16    13.7    -9.7    10.7     0.0    -1.7
    2009      17    14.6    -5.4    10.7     0.0    -0.6
    2009      18    17.1    -7.9    10.2     0.0     0.1
    2009      19    17.7    -2.2    11.2     0.0     2.6
    2009      20    20.2    -7.4    11.6     0.0     2.4
    2009      21    17.8   -10.7    11.2     0.0     0.1
    2009      22    18.6    -3.4    10.0     0.0     2.9
    2009      23     6.3    -8.5     2.7     0.0     1.5
    2009      24     0.1    -8.5     7.2     0.0    -0.2
    2009      25    -8.3   -13.2     5.8     0.0    -1.6
    2009      26   -12.2   -18.6     8.5     0.0    -1.2
    2009      27    -9.1   -23.7    12.2     0.5    -2.0
    2009      28     2.8   -19.8    11.0     0.3    -2.3
    2009      29     4.3    -9.6    12.4     0.0    -2.4
    2009      30    12.1   -12.4    11.7     0.0    -2.3
    2009      31    17.6   -10.5    11.4     0.0    -1.5
    2009      32     6.0    -4.8    12.6     0.0     0.3
    2009      33     7.8    -9.7     9.5     0.0    -0.9
    2009      34    15.0    -6.7    12.7     0.0     1.2
    2009      35    18.2   -10.0    13.5     0.0     1.1
    2009      36    18.3    -9.8    13.4     0.0     1.5
    2009      37    16.6    -7.9    13.4     0.0     2.4
    2009      38    11.2    -4.9     9.8     0.0     2.4
    2009      39     4.5    -3.4     4.0     0.0     1.6
    2009      40    13.1    -3.4     8.5     0.0     3.4
    2009      41     7.4    -9.9     9.7     0.0     1.4
    2009      42     7.8    -7.8    13.4     0.0     2.8
    2009      43     7.9   -10.8    13.9     0.0     1.1
    2009      44     1.6    -5.6     6.7     0.0     1.4
    2009      45    -0.1    -7.7     8.7     0.5     0.6
    2009      46     6.8   -10.5    13.8     0.0     1.1
    2009      47    14.7   -11.8    15.3     0.0     1.4
    2009      48    12.2    -8.3    11.9     0.0     1.5
    2009      49     9.7    -4.3    13.9     0.0     3.6
    2009      50    10.2    -7.8    16.2     0.0     3.4
    2009      51    13.5   -12.0    15.0     0.0     2.0
    2009      52     9.0   -14.7    16.0     0.0     1.3
    2009      53    11.0   -10.7     9.5     0.0     1.2
    2009      54    15.6    -5.1    12.0     0.0     3.9
    2009      55    20.4    -4.8    16.4     0.0     6.0
    2009      56    19.6    -3.7    14.3     0.0     6.8
    2009      57    15.7    -3.6    15.4     0.0     7.3
    2009      58     5.9    -8.9    11.8     0.0     3.3
    2009      59     8.3   -12.4    17.8     0.0     3.1
    2009      60    17.9    -9.9    15.1     0.0     4.4
    2009      61    20.9    -2.3    13.4     0.0     7.1
    2009      62    24.2    -2.7    17.1     0.0     8.3
    2009      63    24.6    -2.6    18.9     0.0     9.2
    2009      64    16.4    -3.4    18.7     0.0     7.8
    2009      65    13.3    -8.0    17.4     0.0     6.9
    2009      66     3.9    -7.1    13.8     0.0     6.6
    2009      67    18.5    -8.6    19.3     0.0     7.5
    2009      68     4.9    -8.8    15.5     0.0     6.0
    2009      69     4.0   -13.1    19.6     1.0     3.4
    2009      70     6.9   -12.6    19.9     0.0     3.1
    2009      71     8.8   -10.8    18.4     3.8     4.0
    2009      72    10.7    -6.5    10.9     0.0     7.1
    2009      73    16.6   -11.4    20.8     0.0     6.1
    2009      74    18.9    -8.9    18.0     0.0     6.9
    2009      75    22.6    -6.1    19.3     0.0     9.0
    2009      76    22.9     0.7    17.4     0.0    11.3
    2009      77    15.4     0.6    20.0     0.0    12.1
    2009      78    19.7    -3.8    20.7     0.0    11.7
    2009      79    21.2     1.4    10.9     0.0    12.0
    2009      80    25.2    -2.2    19.6     0.0    13.0
    2009      81    24.7     1.2    20.5     0.0    15.0
    2009      82    11.4     2.2    11.6     0.8    11.1
    2009      83    11.0    -3.2    17.0     1.0     9.8
    2009      84    10.4    -3.1    15.3     0.0     9.9
    2009      85     0.4    -9.2    10.9     0.0     5.6
    2009      86     3.0   -13.9    23.3     3.0     3.6
    2009      87     5.2   -15.0    22.7     0.0     2.7
    2009      88    16.0    -6.5    21.6     0.0     2.3
    2009      89     4.4    -3.0    17.2     1.0     2.7
    2009      90     9.8    -5.1    21.5     0.0     3.4
    2009      91     7.2    -6.7    10.4     0.0     2.8
    2009      92    12.6    -9.3    23.6     0.0     5.9
    2009      93    17.2    -3.2    17.7     0.8     7.4
    2009      94     0.4    -4.6    11.9     0.3     3.8
    2009      95     2.8    -6.9    22.4     0.0     3.3
    2009      96    10.4   -10.1    25.6     0.0     5.9
    2009      97    22.1    -6.4    26.8     0.0     7.6
    2009      98    22.7    -3.9    24.5     0.0     9.7
    2009      99    14.9     1.4    16.4     0.0     9.4
    2009     100    17.2     0.7    22.0     0.0    11.0
    2009     101    15.5     0.4    11.8     0.5     9.0
    2009     102     9.8    -1.1     4.8     0.3     6.9
    2009     103    20.3    -2.9    22.5     0.0     9.9
    2009     104    22.1     0.6    18.5     0.0    10.8
    2009     105    23.4     2.2    18.9     0.0    11.8
    2009     106     7.6     1.8     3.5    18.8     8.4
    2009     107     6.9     0.5     2.1    28.7     5.8
    2009     108     6.8     1.6     4.2     6.1     5.5
    2009     109    18.3    -0.2    27.1     0.0     9.0
    2009     110    21.2     1.1    25.5     0.0    11.1
    2009     111    23.7     3.3    27.1     0.0    13.4
    2009     112    24.4     4.1    22.1     0.0    14.2
    2009     113    27.4     3.1    27.9     0.0    14.6
    2009     114    17.4     5.9    21.7     0.0    13.5
    2009     115     9.6     3.5     6.9     0.0    10.0
    2009     116    15.1     0.6    22.6     0.3    11.7
    2009     117     6.7     0.0    10.8     1.0     9.2
    2009     118    20.2     4.0    21.8     0.0    11.6
    2009     119    22.7     2.7    28.0     0.0    13.6
    2009     120    15.9     2.9    17.7     0.0    13.2
    2009     121     6.9     3.2     5.8     0.0    10.4
    2009     122    10.9     4.5     5.8     4.8     9.8
    2009     123    16.3     5.6    21.0     1.3    13.7
    2009     124    19.6     5.0    17.0     0.0    13.9
    2009     125    19.6     5.4    22.2     0.0    14.5
    2009     126    19.6     5.8    27.5     0.0    15.0
    2009     127    19.6     6.1    32.8     0.0    15.6
    2009     128    19.7     6.5    38.0     0.0    16.1
    2009     129    18.5     4.8    26.1     4.1    16.9
    2009     130    12.2     6.3    10.6     0.5    13.7
    2009     131    23.8     4.7    26.4     0.0    16.9
    2009     132    30.4     8.6    27.2     0.0    19.0
    2009     133    19.6     6.5    24.1     0.0    17.8
    2009     134    23.9     1.4    27.5     0.0    18.2
    2009     135    19.6     9.0    28.2     0.0    19.1
    2009     136    21.4     6.4    20.8     0.0    19.1
    2009     137    27.2     3.4    28.8     0.0    20.4
    2009     138    31.5     5.4    30.2     0.0    23.0
    2009     139    33.0     8.8    23.4     0.0    23.5
    2009     140    31.3     9.4    23.4     0.8    22.5
    2009     141    16.7     9.7    13.4     0.0    18.1
    2009     142    24.0     9.7    17.8     0.0    20.4
    2009     143    19.2    11.7     8.7     3.8    18.1
    2009     144    23.4    11.5    16.2     0.8    20.1
    2009     145    19.1     9.8     6.7    13.7    17.2
    2009     146    17.5     7.7    20.9     0.0    16.6
    2009     147    23.1     4.4    28.8     0.0    18.2
    2009     148    25.0     5.9    22.0     2.5    19.4
    2009     149    26.9     6.2    29.7     0.0    19.8
    2009     150    25.7    11.0    26.1     0.0    20.4
    2009     151    27.7     8.2    22.5     0.5    21.1
    2009     152    23.3    11.4    13.9    21.1    18.8
    2009     153    13.0     8.0     4.7    18.3    14.0
    2009     154    19.0     7.7    14.5     1.0    15.4
    2009     155    21.6     8.1    23.8     0.5    17.1
    2009     156    23.9    10.2    22.6     0.5    19.1
    2009     157    26.2    10.4    25.6     0.0    20.3
    2009     158    19.0     8.7    16.9     3.0    18.0
    2009     159    17.0     6.6    14.3     0.3    15.9
    2009     160    22.8    10.3    17.9    10.7    18.6
    2009     161    20.5     9.4    19.5    13.0    18.1
    2009     162    19.5     9.5    22.4     1.5    17.4
    2009     163    21.9     6.5    27.6     1.0    18.7
    2009     164    25.0    10.1    22.2     0.0    20.1
    2009     165    21.8     8.8    20.9     0.0    19.8
    2009     166    23.2     9.2    20.5     1.5    18.3
    2009     167    27.8     7.7    26.0     0.0    19.7
    2009     168    26.6    11.3    25.4     2.3    20.7
    2009     169    26.9    12.5    28.1     0.8    21.9
    2009     170    25.1    10.4    30.6     0.3    22.4
    2009     171    25.4    14.2    15.3     0.0    21.1
    2009     172    29.3    11.7    27.9     0.0    23.9
    2009     173    29.7     9.1    30.3     0.0    22.7
    2009     174    29.6    13.1    23.6     0.0    23.7
    2009     175    31.7    11.6    26.2     0.0    23.8
    2009     176    31.0    14.5    19.5     6.6    23.9
    2009     177    29.6    14.8    21.1     5.1    24.3
    2009     178    29.3    13.9    30.4     0.0    23.9
    2009     179    30.2    11.3    30.8     0.0    23.9
    2009     180    32.2    11.7    26.9     0.0    24.1
    2009     181    33.1    10.1    29.6     0.0    23.8
    2009     182    32.7    12.2    26.4     3.8    24.3
    2009     183    28.6    13.0    24.5     0.3    23.9
    2009     184    29.8    16.4    21.8     0.5    24.6
    2009     185    26.7    13.9    18.4     2.0    23.2
    2009     186    25.8    12.7    20.0     0.5    23.4
    2009     187    30.3    10.9    25.4     2.0    23.5
    2009     188    32.3    10.1    25.5     0.0    22.4
    2009     189    33.7    11.4    29.7     0.0    23.4
    2009     190    27.1    12.8    27.0     0.0    22.5
    2009     191    30.2    13.0    21.5     0.0    23.0
    2009     192    34.8    13.7    28.0     0.0    24.3
    2009     193    32.9    14.3    22.0     0.0    24.7
    2009     194    32.8    12.6    23.4     0.0    24.7
    2009     195    34.0    15.1    28.8     0.0    23.2
    2009     196    29.9    10.8    29.0     0.0    24.4
    2009     197    29.7    11.1    29.1     0.0    22.6
    2009     198    30.7    13.9    25.8     0.0    23.6
    2009     199    30.5    13.6    27.7     0.0    25.3
    2009     200    34.4    11.8    24.0     0.8    25.5
    2009     201    32.3    13.0    27.5     1.5    24.2
    2009     202    25.8    14.1    18.0     0.0    23.4
    2009     203    29.5    11.8    26.3     0.0    23.9
    2009     204    32.6    11.1    24.6     0.0    23.6
    2009     205    36.0    11.0    25.0     0.0    24.2
    2009     206    26.4    14.3    15.6     2.0    23.4
    2009     207    28.9    14.4    24.8     0.0    24.7
    2009     208    26.8    12.4    20.5    14.2    23.4
    2009     209    24.6    12.7    17.4     0.5    20.9
    2009     210    21.3     8.7    16.0    18.8    17.3
    2009     211    19.3    11.2    19.1     0.8    19.5
    2009     212    27.5     9.5    20.0     0.3    19.6
    2009     213    27.4     9.5    27.9     0.0    20.9
    2009     214    33.5    10.1    27.8     0.0    22.1
    2009     215    34.0    10.8    22.4     0.3    22.3
    2009     216    32.4    11.3    24.3     0.0    21.8
    2009     217    30.7    11.7    26.5     0.0    22.0
    2009     218    32.1    15.0    16.8     0.0    22.8
    2009     219    32.8    12.6    25.0     0.0    23.4
    2009     220    28.8     8.8    25.4    42.4    19.6
    2009     221    26.7    10.2    25.3    13.0    17.3
    2009     222    28.6    12.2    26.3     0.0    21.4
    2009     223    32.1    10.8    26.6     0.0    21.9
    2009     224    34.3    10.7    26.9     0.0    22.5
    2009     225    33.2    10.1    18.4     0.0    21.7
    2009     226    27.6    15.2    14.8     0.3    21.0
    2009     227    28.3    10.2    17.7     7.9    20.0
    2009     228    24.8     7.9    23.6     1.3    18.8
    2009     229    24.2     8.2    25.2     0.0    18.9
    2009     230    25.7     9.7    20.6     0.0    19.5
    2009     231    28.8     9.3    21.2     0.0    19.4
    2009     232    28.7     9.5    25.9     0.0    20.9
    2009     233    28.9     6.4    25.7     0.0    20.9
    2009     234    34.6     8.0    25.2     0.0    22.1
    2009     235    34.8    15.5    20.9     0.0    23.9
    2009     236    29.6    14.2    14.0     0.0    22.4
    2009     237    26.1    13.6    18.5     0.0    22.2
    2009     238    29.5    10.9    18.5     2.0    21.8
    2009     239    30.2     9.0    25.0     0.0    20.5
    2009     240    29.1     9.4    24.2     0.0    20.7
    2009     241    26.7     8.3    19.2     0.0    20.0
    2009     242    21.0    12.1    11.4     0.0    19.3
    2009     243    26.7     8.7    17.0     0.3    19.1
    2009     244    32.4     8.8    21.5     0.0    19.9
    2009     245    31.4    10.3    23.0     0.0    20.5
    2009     246    30.4     9.6    21.7     0.0    21.0
    2009     247    28.1    10.3    19.5     0.0    20.6
    2009     248    29.3     9.3    18.8     0.0    20.4
    2009     249    27.5    10.7    17.3     0.0    20.3
    2009     250    31.5     9.6    21.9     0.0    20.7
    2009     251    32.0    10.6    18.2     0.0    21.1
    2009     252    26.7    11.0    18.6     0.0    20.2
    2009     253    32.1     8.9    19.0     0.0    19.7
    2009     254    23.7     8.9    20.8     0.0    19.1
    2009     255    14.0     9.2     4.6     6.6    16.5
    2009     256    25.8     9.7    16.1     0.0    17.8
    2009     257    27.4     8.2    19.4     0.0    18.8
    2009     258    28.9     9.5    20.4     0.0    19.5
    2009     259    25.0    11.4    15.5     0.0    19.5
    2009     260    25.1     7.1    20.0     0.0    19.1
    2009     261    25.2     5.5    19.8     0.0    18.5
    2009     262    26.5     4.5    20.6     0.0    18.3
    2009     263    29.4     5.5    16.0     0.0    18.0
    2009     264    11.8     3.7     8.6     7.6    14.0
    2009     265    12.4     3.8     5.1     1.8    11.5
    2009     266    13.2     1.9     3.3     0.0    10.8
    2009     267    17.8     1.1    13.9     0.0    11.9
    2009     268    20.3     4.1    19.0     3.0    14.2
    2009     269    29.5     2.7    19.8     0.0    14.5
    2009     270    24.6     3.9    19.4     0.0    14.6
    2009     271    20.9    -0.5    19.5     0.0    13.6
    2009     272    28.9     0.7    18.8     0.0    14.8
    2009     273    28.2     4.4    15.9     0.0    15.3
    2009     274    14.0     3.9    15.7     0.0    11.2
    2009     275    17.1    -0.4    16.8     0.0    11.3
    2009     276    18.0    -4.4    17.9     0.0    11.0
    2009     277     8.0     4.3     2.7     1.5    10.3
    2009     278    11.6     1.9     4.1     1.3    10.2
    2009     279    15.3    -2.4    18.2     0.0    10.0
    2009     280    19.4    -5.0    17.8     0.0     9.6
    2009     281     3.2    -1.5     4.8     0.0     8.6
    2009     282    10.5    -8.1    14.5     0.0     9.1
    2009     283    -3.3    -9.5     7.0     0.3     6.4
    2009     284     3.3    -4.8     9.4     1.8     6.2
    2009     285     6.1    -1.3     7.6     0.0     6.9
    2009     286    10.0     0.5     6.5     0.0     7.5
    2009     287    18.6     3.5    10.9     0.0     9.5
    2009     288    21.6     4.0    15.0     0.0     9.8
    2009     289    19.7    -1.1    15.8     0.0    10.0
    2009     290    20.8    -4.0    16.1     0.0     9.3
    2009     291    28.6    -2.4    14.9     0.0     9.9
    2009     292    22.7     2.8     9.9     0.0    10.3
    2009     293    11.5     0.2     5.8     0.0     8.7
    2009     294     5.8     0.7     4.6     2.0     7.6
    2009     295    11.7    -3.9    14.3     0.0     7.8
    2009     296    16.0    -0.5    13.3     0.0     8.7
    2009     297    19.7    -1.1    10.7     0.0     8.6
    2009     298     8.7    -4.8     7.4     0.0     6.9
    2009     299    13.5    -9.5    14.7     0.0     5.6
    2009     300    10.6    -2.2     3.5     6.6     5.9
    2009     301     0.0    -2.5     4.2     0.8     5.1
    2009     302    -1.5    -3.9     7.6     0.0     4.7
    2009     303     6.8   -11.8    10.5     1.8     4.5
    2009     304    13.2    -5.4    13.8     0.0     4.4
    2009     305    16.9    -2.3    13.0     0.0     5.5
    2009     306     6.2    -1.4     3.7     0.0     5.2
    2009     307    20.2    -3.6    12.6     0.0     6.3
    2009     308    14.7    -4.6    13.0     0.0     5.9
    2009     309    22.0    -4.3    11.0     0.0     6.3
    2009     310    24.5     0.8    10.6     0.0     6.9
    2009     311    21.6     0.5    12.0     0.0     6.9
    2009     312    17.2     1.2     8.4     0.0     7.4
    2009     313    15.2    -1.0     9.9     0.0     6.8
    2009     314    13.9    -5.1     9.7     0.0     5.9
    2009     315    15.8    -4.4     8.5     0.0     5.9
    2009     316    20.5    -0.1     8.3     0.0     6.5
    2009     317     7.0    -1.0     1.8     0.0     5.5
    2009     318     3.4    -4.7     4.0     0.0     4.5
    2009     319     2.8   -15.8     9.5     5.1     4.4
    2009     320     2.3   -19.1    10.5     0.0     4.2
    2009     321     4.2   -16.1    11.1     0.0     3.8
    2009     322    12.1   -12.3    11.0     0.0     3.4
    2009     323     9.1    -8.2    10.4     0.0     3.2
    2009     324     8.1    -7.9    11.0     0.0     2.6
    2009     325     8.0    -6.9     8.5     0.0     2.1
    2009     326     6.3    -4.7     9.7     0.0     2.4
    2009     327     4.3    -6.4     8.8     0.0     1.7
    2009     328     6.5    -8.4    10.7     0.0     1.1
    2009     329     7.8    -5.5    10.0     0.0     1.8
    2009     330    14.3    -7.4    10.1     0.0     1.9
    2009     331    15.4    -7.9    10.8     0.0     2.0
    2009     332     9.3    -4.9     8.0     0.0     1.7
    2009     333     6.6    -7.2     9.9     0.0     2.1
    2009     334    14.2    -9.1    10.0     0.0     1.4
    2009     335     6.0    -8.4     3.5     0.0     0.4
    2009     336    -4.0   -15.3     9.4     0.0     0.3
    2009     337    -6.3   -16.4     8.1     0.0    -0.5
    2009     338    -0.9   -18.9     8.9     0.0    -1.1
    2009     339     4.3   -14.7     9.4     0.0    -1.2
    2009     340    -6.7   -15.9     6.7     0.0    -0.8
    2009     341   -11.4   -15.8     5.7     0.0    -0.7
    2009     342   -13.4   -26.1     6.4     0.0    -0.7
    2009     343   -12.5   -31.3     9.7     0.0    -0.8
    2009     344    -4.5   -26.2     9.8     0.3    -0.9
    2009     345    -6.9   -24.2     7.7     0.0    -1.0
    2009     346     3.5   -14.3     8.3     0.0    -0.8
    2009     347     7.9   -11.3     8.8     0.0    -0.6
    2009     348     2.1   -11.7     9.3     0.0    -0.5
    2009     349     4.7   -14.7     9.0     0.0    -0.8
    2009     350     4.1    -4.2     4.0     0.0    -0.5
    2009     351    10.7    -7.0     7.3     0.0    -0.4
    2009     352     6.9    -6.2     9.0     0.0    -0.2
    2009     353     5.9   -10.7     9.0     0.0    -0.3
    2009     354    11.0    -6.4     7.1     0.0    -0.3
    2009     355     7.2    -4.7     4.5     0.0    -0.2
    2009     356     3.4    -3.0     1.9     0.0    -0.2
    2009     357    -1.9   -10.1     1.6     0.3    -0.2
    2009     358    -7.6   -23.9     9.4     0.3    -0.1
    2009     359    -4.6   -23.5     6.3     0.0    -0.2
    2009     360    -1.1    -5.4     5.5     0.0    -0.2
    2009     361     1.7   -14.6     9.4     0.0    -0.2
    2009     362    -1.7   -18.4     9.0     0.0    -0.7
    2009     363     0.8   -12.6     6.7     0.0    -1.0
    2009     364     1.0   -11.5     5.9     0.0    -0.9
    2009     365     2.4   -12.4     7.5     0.0    -1.2
    2010       1     3.7   -13.4     9.1     0.0    -1.5
    2010       2     6.3   -10.1     6.1     0.0    -1.3
    2010       3     3.3    -4.9     4.0     0.3    -0.7
    2010       4     1.8    -9.7     9.2     0.0    -0.8
    2010       5     3.6    -7.3    10.4     0.0    -1.1
    2010       6    -1.2   -18.2     3.9     0.3    -1.4
    2010       7   -11.2   -24.9    10.2     0.0    -2.6
    2010       8    -4.0   -26.7    10.0     0.0    -3.0
    2010       9     2.9   -19.0    10.2     0.0    -2.6
    2010      10     6.0   -15.7     9.9     0.0    -2.6
    2010      11     8.2   -13.2    10.2     0.0    -2.6
    2010      12    11.2   -12.9    10.6     0.0    -2.7
    2010      13    10.6    -9.7     9.0     0.0    -2.1
    2010      14     7.6    -7.6     7.0     0.0    -1.8
    2010      15     9.4   -10.2    10.3     0.0    -2.0
    2010      16     7.1    -9.9     8.2     0.0    -2.0
    2010      17    10.3    -4.5     6.5     0.0    -1.1
    2010      18     8.5    -6.0     8.7     0.0    -1.0
    2010      19     7.1    -5.3     5.6     0.0    -1.0
    2010      20     4.9    -7.4     4.8     0.0    -1.4
    2010      21     3.8    -8.5     8.0     0.0    -1.7
    2010      22     4.4    -3.9     5.0     0.0    -1.0
    2010      23     9.1    -7.5     7.7     0.0    -1.3
    2010      24     4.8    -5.7     6.2     0.0    -1.4
    2010      25     5.0    -6.2     8.8     0.0    -1.7
    2010      26     2.1   -10.9     6.9     0.0    -2.1
    2010      27     2.6   -10.1     7.8     0.0    -2.1
    2010      28     1.5    -7.3     4.1     0.3    -1.1
    2010      29     6.0    -7.9     8.7     0.0    -1.2
    2010      30     7.7    -8.9    11.2     0.0    -1.6
    2010      31     3.5    -8.8    10.9     0.0    -1.2
    2010      32     8.7    -9.0    11.2     0.0    -1.1
    2010      33     8.2   -10.1    12.2     0.0    -1.4
    2010      34     8.4    -8.0     9.5     0.0    -1.2
    2010      35     8.5    -2.4     9.5     0.5    -0.4
    2010      36     9.0    -4.3     9.0     0.0    -0.6
    2010      37     3.4    -6.6     6.4     0.0    -0.6
    2010      38     0.9    -3.4     3.4     0.3    -0.6
    2010      39    -1.9    -9.7     7.8     0.3    -0.9
    2010      40    -0.3   -15.9    14.1     0.0    -1.8
    2010      41     5.9   -13.5    13.8     0.0    -2.0
    2010      42     9.0    -9.8    13.0     0.0    -1.5
    2010      43     7.4    -7.5     7.5     0.0    -1.0
    2010      44    10.3    -5.0     8.9     0.0    -0.7
    2010      45    -0.2   -10.7    15.0     0.0    -1.0
    2010      46     4.2   -15.9    15.2     0.0    -1.9
    2010      47     6.0   -14.6    15.2     0.0    -1.8
    2010      48     9.6   -10.4    11.1     0.0    -1.4
    2010      49     5.6    -5.4     7.2     0.0    -0.6
    2010      50    -1.5    -9.8     7.7     1.8    -0.4
    2010      51    -3.0    -7.5     5.0     0.0    -0.6
    2010      52    -5.0   -12.5    10.2     2.3    -0.7
    2010      53    -0.1   -17.1    14.9     1.5    -0.8
    2010      54     4.3   -19.2    16.6     0.0    -1.2
    2010      55     6.3   -16.9    13.4     0.0    -1.3
    2010      56     6.2    -2.1    12.3     0.0    -0.5
    2010      57     9.6    -5.2    17.0     0.0    -0.4
    2010      58    10.0    -5.4    13.0     0.0    -0.2
    2010      59     0.7    -2.6     3.7     0.0    -0.2
    2010      60     6.5    -3.5    11.6     0.8    -0.2
    2010      61    13.0    -5.1    17.3     0.0    -0.2
    2010      62    14.0    -3.8    17.8     0.0     0.1
    2010      63    13.9    -3.6    16.0     0.0     0.8
    2010      64     8.4    -1.7     9.7     0.0     1.1
    2010      65    13.6    -2.1    17.1     0.0     2.3
    2010      66     8.4    -3.7     9.5     0.0     2.4
    2010      67    10.6    -0.2     4.8     0.0     2.2
    2010      68    12.4    -3.0    18.1     0.0     3.6
    2010      69     6.6    -5.0     9.5     0.0     2.3
    2010      70     9.3    -4.4    15.1     0.0     2.3
    2010      71    14.2    -8.0    19.9     0.0     2.5
    2010      72    15.7    -6.9    19.0     0.0     3.3
    2010      73     6.8    -3.3     6.6     0.0     2.9
    2010      74    13.6    -3.0    19.3     0.0     5.3
    2010      75    19.3    -6.7    20.7     0.0     5.0
    2010      76    21.3    -5.7    20.0     0.0     5.6
    2010      77    16.3    -3.9    16.6     0.0     5.4
    2010      78     0.7    -6.3    10.2     0.5     3.9
    2010      79     4.2   -11.0    21.5     0.5     2.5
    2010      80    17.4    -9.1    21.2     0.0     3.5
    2010      81    19.4    -2.9    19.0     0.0     5.1
    2010      82     9.4    -1.9     7.6     2.3     4.8
    2010      83     5.8    -3.7    21.0     3.0     3.3
    2010      84    11.5    -6.8    20.8     0.0     3.3
    2010      85     8.2    -3.0    10.8     0.0     3.1
    2010      86    10.1    -3.0    18.7     0.0     3.9
    2010      87    17.6    -6.5    22.7     0.0     4.9
    2010      88    20.4    -2.3    14.9     0.0     5.5
    2010      89    27.7     1.0    20.4     0.0     7.5
    2010      90    15.4     2.9    17.8     0.0     7.5
    2010      91    17.3    -1.0    18.2     0.5     7.3
    2010      92     8.8    -2.6    19.0     0.0     4.7
    2010      93    15.0    -7.1    23.2     0.0     4.8
    2010      94    16.0    -1.8    22.9     0.0     6.7
    2010      95    17.6    -2.2    20.3     0.5     7.2
    2010      96    10.4     0.2    16.9     4.3     6.5
    2010      97    11.1    -0.4    21.6     0.5     6.9
    2010      98    18.1    -4.3    25.0     0.0     6.9
    2010      99    18.8    -2.9    24.2     0.0     7.3
    2010     100    14.7    -2.0    23.7     0.0     8.0
    2010     101    24.0    -1.9    21.6     0.0     8.7
    2010     102    25.4     3.0    15.1     0.0     9.2
    2010     103    20.1     1.8    24.4     0.0    10.0
    2010     104    21.3    -3.1    26.0     0.0     9.2
    2010     105    20.1     1.6    24.7     0.0    10.2
    2010     106    13.4     2.3     9.3     0.0     9.0
    2010     107    14.5     2.0     9.3     3.6     8.9
    2010     108    20.7     2.2    20.3     0.3    10.7
    2010     109    23.0     2.4    25.2     0.0    11.1
    2010     110    17.5     3.8    16.1     0.0    11.6
    2010     111    17.4     6.5    12.7     5.1    11.5
    2010     112    15.5     5.8     5.1    38.1    10.5
    2010     113     9.1     1.0     6.7    23.6     7.6
    2010     114    13.5     1.9    18.3     0.0     7.8
    2010     115    16.8     0.3    20.1     0.5     8.0
    2010     116    12.6     0.1    22.9     0.0     8.4
    2010     117    20.9     0.2    26.3     0.0     9.6
    2010     118    26.7     2.8    27.1     0.5    10.9
    2010     119    10.4    -0.3    13.9     6.9     9.3
    2010     120     9.9    -0.8    13.3     0.0     7.2
    2010     121    13.9    -0.6    26.5     0.0     9.0
    2010     122    13.1     0.3    23.0     0.0     9.0
    2010     123    19.9     0.5    26.9     0.0    10.0
    2010     124    23.2     4.1    28.9     0.0    10.6
    2010     125    18.8    -0.6    28.0     0.0     9.7
    2010     126    14.4     1.5    17.8     0.0     9.2
    2010     127    13.6    -2.3    26.7     0.0     9.5
    2010     128    16.3    -2.6    23.0     0.0     8.9
    2010     129    22.5    -0.1    27.2     0.0    10.9
    2010     130    21.2     3.9    20.4     0.0    12.7
    2010     131     9.4    -0.3     4.0    20.6     8.6
    2010     132     5.0    -0.3     9.2     7.9     7.1
    2010     133    12.8    -0.9    25.8     0.0     9.0
    2010     134    17.7     5.2    22.5     1.5    11.7
    2010     135    15.4     4.7    15.9     1.5    11.4
    2010     136    19.0     3.9    21.9     3.3    11.9
    2010     137    24.0     3.7    26.4     0.0    13.2
    2010     138    24.0     9.3    19.3    13.5    14.1
    2010     139    19.2     6.8    23.0     0.5    14.3
    2010     140    18.9     9.2    22.3     0.3    15.0
    2010     141    25.6     7.0    28.5     0.0    15.5
    2010     142    31.5     7.6    30.0     0.0    15.5
    2010     143    23.6     4.8    29.3     0.0    14.4
    2010     144    26.4     7.0    29.6     0.0    14.5
    2010     145    22.1     4.1    29.9     0.0    14.3
    2010     146    24.8    10.6    20.4     0.8    15.8
    2010     147    32.8    13.2    27.4     0.0    18.3
    2010     148    34.1    10.1    27.5     0.0    18.3
    2010     149    25.0    11.6    24.3     0.3    18.0
    2010     150    22.2     6.9    29.9     0.0    17.9
    2010     151    27.4     6.4    29.3     0.0    18.7
    2010     152    27.6     9.0    19.3     0.0    18.8
    2010     153    25.8    10.8    18.5     0.0    18.7
    2010     154    28.6     8.7    12.7     0.0    18.0
    2010     155    32.8    11.6    23.9     0.0    20.1
    2010     156    30.3    12.6    25.4     0.0    21.7
    2010     157    32.8    14.5    26.2     2.0    22.4
    2010     158    32.1    14.3    22.3     0.0    22.2
    2010     159    25.6    14.3    19.4     0.8    21.8
    2010     160    28.1    15.4    21.5     0.0    20.8
    2010     161    28.2    14.8    26.5     1.0    22.5
    2010     162    25.6    10.7    17.6    36.3    21.0
    2010     163    11.5     9.0    15.5    25.9    16.2
    2010     164    13.7     8.4    13.4     7.6    15.7
    2010     165    19.8     8.2    22.5     1.3    17.6
    2010     166    26.6     6.7    30.3     0.0    18.8
    2010     167    31.2    10.4    30.0     0.0    19.9
    2010     168    30.3    11.1    31.4     0.0    19.6
    2010     169    28.3     9.6    30.6     0.0    19.5
    2010     170    29.9    14.9    27.8     1.5    20.7
    2010     171    24.9    16.5    15.2     0.0    20.7
    2010     172    30.4    14.8    26.2     0.0    21.7
    2010     173    29.6    11.3    28.9     0.0    20.8
    2010     174    25.8    10.3    30.2     0.0    20.2
    2010     175    33.0    12.7    29.5     0.0    20.9
    2010     176    35.7    11.6    29.8     0.0    21.7
    2010     177    32.5    15.1    18.1     4.1    22.2
    2010     178    27.4    12.4    28.5     0.0    21.5
    2010     179    31.3    11.0    30.3     0.0    22.6
    2010     180    33.3    11.8    28.9     0.0    23.0
    2010     181    32.0    13.2    30.5     0.0    21.3
    2010     182    33.4    14.5    27.6     0.0    21.7
    2010     183    31.5    16.6    22.3     0.0    22.6
    2010     184    34.4    14.7    24.2     0.0    23.1
    2010     185    25.7    10.9    19.6    15.8    20.9
    2010     186    28.3    10.7    30.1     0.0    21.0
    2010     187    31.4    11.2    26.5     0.0    21.8
    2010     188    19.7    12.8    10.8     0.0    19.6
    2010     189    24.3    12.5    22.4     0.8    21.1
    2010     190    27.4     9.8    25.4     0.0    21.4
    2010     191    31.5    11.2    23.8     0.3    22.2
    2010     192    30.2    10.1    23.7     0.3    22.1
    2010     193    33.5    11.2    27.7     0.0    23.2
    2010     194    35.6    12.3    26.2     0.0    23.4
    2010     195    34.4    16.5    20.4     5.1    24.5
    2010     196    32.9    13.9    27.5     0.0    23.9
    2010     197    35.4    12.5    27.6     0.8    23.5
    2010     198    37.9    11.1    27.8     0.0    23.7
    2010     199    34.1    14.3    27.0     0.0    24.1
    2010     200    34.4    13.2    21.7     0.0    24.0
    2010     201    25.2    15.2    16.7     0.3    22.4
    2010     202    28.9    17.0    19.7     0.0    23.5
    2010     203    32.6    14.6    22.0     1.0    23.5
    2010     204    34.2    12.7    23.5     0.0    23.1
    2010     205    27.6    16.6    27.7     0.0    23.9
    2010     206    30.8    13.9    25.7     0.0    23.2
    2010     207    35.1    13.4    28.4     0.0    24.3
    2010     208    35.5    13.2    22.7     0.0    24.4
    2010     209    30.0    17.4    16.6     0.0    24.1
    2010     210    32.8    16.5    20.8     0.0    24.8
    2010     211    31.8    16.2    22.3    17.5    24.7
    2010     212    29.2    15.0    26.4     0.0    23.6
    2010     213    32.1    15.7    16.8     0.0    23.7
    2010     214    32.1    16.7    15.5     0.0    23.6
    2010     215    31.2    16.9    23.5     0.5    23.8
    2010     216    29.1    15.1    22.0     0.8    23.9
    2010     217    30.6    13.3    23.2     0.0    23.3
    2010     218    31.9    12.6    25.2     0.0    23.2
    2010     219    34.0    12.2    25.8     0.0    23.4
    2010     220    31.3    16.9    22.9     0.0    24.0
    2010     221    29.6    16.0    22.6    31.5    23.2
    2010     222    30.6    12.5    25.7     0.0    22.6
    2010     223    32.6    13.1    25.9     0.0    23.2
    2010     224    32.4    14.0    20.8     0.0    22.3
    2010     225    29.5    10.5    27.0     0.5    21.7
    2010     226    24.6    12.0    22.8     0.0    20.2
    2010     227    27.5    11.4    20.9     0.0    19.9
    2010     228    27.3    13.5    16.0     1.0    21.5
    2010     229    30.3    10.8    25.2     0.0    21.5
    2010     230    35.0    11.4    25.4     0.0    22.2
    2010     231    28.8    16.0    11.9     3.3    21.4
    2010     232    31.3    13.5    24.1     0.0    22.2
    2010     233    34.2    10.8    25.1     0.0    22.3
    2010     234    34.2    14.4    24.6     0.0    23.1
    2010     235    29.5    13.2    14.3     3.6    21.8
    2010     236    26.1    14.0    21.3     0.0    21.0
    2010     237    31.6     8.1    24.8     0.3    21.0
    2010     238    33.1     9.6    24.4     0.0    21.7
    2010     239    34.3    10.1    22.6     0.0    22.6
    2010     240    32.9    12.2    18.5     0.0    22.5
    2010     241    31.6    11.5    22.7     0.0    21.8
    2010     242    29.4    12.6    21.7     0.0    21.5
    2010     243    26.8    11.3    21.8     0.0    20.9
    2010     244    29.2     8.6    23.1     0.0    20.2
    2010     245    22.4     7.6    20.7     0.0    18.8
    2010     246    24.9     3.2    23.8     0.0    18.5
    2010     247    33.9     5.4    21.9     0.0    18.7
    2010     248    33.9     7.6    22.9     0.0    19.0
    2010     249    23.4     5.9    24.0     0.0    16.5
    2010     250    28.3     1.8    23.2     0.0    16.8
    2010     251    30.1    10.3    18.7     0.0    18.5
    2010     252    32.1     8.3    21.3     0.0    19.5
    2010     253    25.2     7.3    21.1     0.0    18.3
    2010     254    27.4     3.7    23.0     0.0    17.7
    2010     255    28.8     5.7    21.1     0.0    17.9
    2010     256    32.0     6.3    20.8     0.0    18.3
    2010     257    31.8     7.2    21.8     0.0    18.9
    2010     258    29.1     9.1    20.7     0.0    19.0
    2010     259    30.3     7.9    20.3     0.0    18.4
    2010     260    28.3     7.7    21.1     0.0    18.2
    2010     261    15.7     5.4    11.2     0.0    16.4
    2010     262    32.1     4.2    19.6     0.0    17.2
    2010     263    34.4     6.5    17.1     0.0    17.7
    2010     264    25.1     8.3    19.6     0.0    18.0
    2010     265    23.7    12.1     8.3     0.0    17.9
    2010     266    26.1     7.1    18.3     0.3    17.1
    2010     267    27.4     2.9    19.4     0.0    16.7
    2010     268    26.1     4.1    19.3     0.0    16.7
    2010     269    31.7     4.0    19.4     0.0    17.2
    2010     270    29.9     6.6    18.9     0.0    16.9
    2010     271    33.5     4.3    19.0     0.0    17.3
    2010     272    27.4     6.6    18.4     0.0    16.6
    2010     273    26.3     7.2    18.4     0.0    17.1
    2010     274    26.8     4.2    18.0     1.8    16.7
    2010     275    20.7     6.4    15.8     0.0    15.7
    2010     276    26.5     1.8    17.8     0.0    15.1
    2010     277    28.3     4.2    15.6     0.0    15.6
    2010     278    28.5     6.2    16.7     0.0    15.8
    2010     279    20.8    10.0    11.4     0.0    16.1
    2010     280    28.9     8.3    16.4     0.0    16.5
    2010     281    23.9     7.3    11.7     0.0    16.2
    2010     282    20.3     2.2    15.7     0.0    13.6
    2010     283    17.5     8.5     7.5     0.0    13.6
    2010     284    21.8     3.1    15.2     0.0    14.0
    2010     285    15.1     4.2     8.6     6.1    13.0
    2010     286    19.1     1.4    16.4     0.0    12.6
    2010     287
    2010     288
    2010     289
    2010     290
    2010     291
    2010     292
    2010     293
    2010     294
    2010     295
    2010     296
    2010     297
    2010     298
    2010     299
    2010     300
    2010     301
    2010     302
    2010     303
    2010     304
    2010     305
    2010     306
    2010     307
    2010     308
    2010     309
    2010     310
    2010     311
    2010     312
    2010     313
    2010     314
    2010     315
    2010     316
    2010     317
    2010     318
    2010     319
    2010     320
    2010     321
    2010     322
    2010     323
    2010     324
    2010     325
    2010     326
    2010     327
    2010     328
    2010     329
    2010     330
    2010     331
    2010     332
    2010     333
    2010     334
    2010     335
    2010     336
    2010     337
    2010     338
    2010     339
    2010     340
    2010     341
    2010     342
    2010     343
    2010     344
    2010     345
    2010     346
    2010     347
    2010     348
    2010     349
    2010     350
    2010     351
    2010     352
    2010     353
    2010     354
    2010     355
    2010     356
    2010     357
    2010     358
    2010     359
    2010     360
    2010     361
    2010     362
    2010     363
    2010     364
    2010     365
