    1978       1   -5.0  -14.4      999.9   0.00     999.9
    1978       2    7.8  -13.3      999.9   0.00     999.9
    1978       3    8.3   -9.4      999.9   0.00     999.9
    1978       4   10.0   -4.4      999.9   0.00     999.9
    1978       5    8.9   -4.4      999.9   0.00     999.9
    1978       6   10.6   -6.1      999.9   0.00     999.9
    1978       7    9.4   -3.9      999.9   0.00     999.9
    1978       8    2.8  -15.0      999.9   0.00     999.9
    1978       9   -8.3  -13.3      999.9   0.00     999.9
    1978      10  -10.0  -13.9      999.9   0.00     999.9
    1978      11   -6.7  -12.2      999.9   0.00     999.9
    1978      12    3.9   -7.2      999.9   0.00     999.9
    1978      13    3.9   -7.2      999.9   0.00     999.9
    1978      14   -1.7  -13.9      999.9   0.00     999.9
    1978      15    1.1   -7.8      999.9   0.00     999.9
    1978      16    0.6  -12.8      999.9   5.08     999.9
    1978      17   -8.9  -22.8      999.9   0.00     999.9
    1978      18   -6.7  -15.0      999.9   0.00     999.9
    1978      19   -7.2  -15.0      999.9   0.00     999.9
    1978      20   -9.4  -16.1      999.9   0.00     999.9
    1978      21   -7.2  -12.2      999.9   0.00     999.9
    1978      22    0.0  -14.4      999.9   0.00     999.9
    1978      23   -1.1   -5.0      999.9   0.00     999.9
    1978      24   -0.6   -3.9      999.9   0.51     999.9
    1978      25    0.0  -11.1      999.9   0.00     999.9
    1978      26   -2.8  -13.3      999.9   0.00     999.9
    1978      27   -3.9  -10.6      999.9   0.00     999.9
    1978      28   -1.1  -12.8      999.9   0.00     999.9
    1978      29   -2.2  -14.4      999.9   0.00     999.9
    1978      30    1.7   -8.9      999.9   0.00     999.9
    1978      31   -0.6  -12.8      999.9   0.00     999.9
    1978      32   -1.1   -7.2      999.9   3.56     999.9
    1978      33   -6.7  -20.6      999.9   0.00     999.9
    1978      34   -3.3  -12.8      999.9   0.00     999.9
    1978      35    8.3   -7.8      999.9   0.00     999.9
    1978      36    3.9  -10.6      999.9   0.00     999.9
    1978      37   -5.6  -10.6      999.9   0.00     999.9
    1978      38   -6.1  -10.6      999.9   5.08     999.9
    1978      39   -7.2  -10.0      999.9   0.00     999.9
    1978      40   -3.9   -8.9      999.9   1.78     999.9
    1978      41   -2.8   -9.4      999.9   0.00     999.9
    1978      42   -1.7   -5.0      999.9   0.00     999.9
    1978      43    1.1   -2.2      999.9   3.56     999.9
    1978      44    0.6   -8.3      999.9  27.43     999.9
    1978      45   -2.8  -10.0      999.9   0.00     999.9
    1978      46   -1.7   -9.4      999.9   0.00     999.9
    1978      47   -5.6  -15.6      999.9   1.27     999.9
    1978      48   -6.7  -18.9      999.9   1.02     999.9
    1978      49   -6.1  -21.7      999.9   0.00     999.9
    1978      50    1.1  -18.3      999.9   0.00     999.9
    1978      51   -1.1   -8.9      999.9   1.02     999.9
    1978      52   -4.4  -17.8      999.9   0.00     999.9
    1978      53    7.8  -11.7      999.9   0.00     999.9
    1978      54    6.1   -3.9      999.9   0.00     999.9
    1978      55    8.3   -4.4      999.9   0.00     999.9
    1978      56    5.0   -2.8      999.9   0.00     999.9
    1978      57    2.2   -2.8      999.9   0.00     999.9
    1978      58    2.2   -1.1      999.9   0.00     999.9
    1978      59    1.1   -8.3      999.9   0.00     999.9
    1978      60   -1.1   -8.3      999.9   0.00     999.9
    1978      61    1.1   -6.1      999.9   7.37     999.9
    1978      62   -5.6  -12.2      999.9   0.00     999.9
    1978      63   -3.9  -18.9      999.9   0.00     999.9
    1978      64    8.9   -6.7      999.9   0.00     999.9
    1978      65    6.1   -0.6      999.9   0.00     999.9
    1978      66    2.8   -1.7      999.9   0.51     999.9
    1978      67    3.3   -5.6      999.9   0.00     999.9
    1978      68   11.7   -6.1      999.9   0.00     999.9
    1978      69   17.2    0.0      999.9   0.00     999.9
    1978      70   15.0    0.6      999.9   1.27     999.9
    1978      71   12.2   -2.2      999.9   0.00     999.9
    1978      72   10.0    4.4      999.9   1.27     999.9
    1978      73   10.0   -1.1      999.9   0.00     999.9
    1978      74   10.0    1.7      999.9   0.51     999.9
    1978      75   10.0   -2.2      999.9   0.00     999.9
    1978      76   13.3   -2.8      999.9   0.00     999.9
    1978      77   26.7    1.7      999.9   0.00     999.9
    1978      78   24.4    2.2      999.9   0.00     999.9
    1978      79   20.0    2.2      999.9   0.00     999.9
    1978      80   20.6    0.0      999.9   0.00     999.9
    1978      81   28.3   11.7      999.9   0.00     999.9
    1978      82   26.1    1.1      999.9   0.51     999.9
    1978      83    6.7    0.0      999.9  24.13     999.9
    1978      84   10.6   -3.9      999.9   0.00     999.9
    1978      85   15.6   -1.7      999.9   0.00     999.9
    1978      86   23.9    0.0      999.9   0.00     999.9
    1978      87   26.7    5.0      999.9   0.00     999.9
    1978      88   27.2    8.3      999.9   0.00     999.9
    1978      89   25.6    8.3      999.9   0.00     999.9
    1978      90   31.1   12.2      999.9   0.00     999.9
    1978      91   28.3    8.3      999.9   0.00     999.9
    1978      92   24.4   15.0      999.9   3.81     999.9
    1978      93   24.4   10.0      999.9   0.00     999.9
    1978      94   21.1    8.3      999.9   8.89     999.9
    1978      95   21.7   13.9      999.9   0.00     999.9
    1978      96   23.3    8.3      999.9   0.76     999.9
    1978      97   26.1   12.2      999.9   0.00     999.9
    1978      98   26.1   15.0      999.9   0.00     999.9
    1978      99   22.8   16.1      999.9   0.00     999.9
    1978     100   20.6    5.0      999.9  32.51     999.9
    1978     101   18.3    0.6      999.9   0.00     999.9
    1978     102   17.8    5.6      999.9   0.00     999.9
    1978     103   19.4    6.1      999.9   0.00     999.9
    1978     104   24.4   11.1      999.9   0.00     999.9
    1978     105   21.1    5.6      999.9   0.00     999.9
    1978     106   15.0    8.3      999.9   0.00     999.9
    1978     107   21.1   10.0      999.9   1.78     999.9
    1978     108   14.4    5.0      999.9   0.00     999.9
    1978     109   15.0    5.6      999.9   0.00     999.9
    1978     110   12.8   -1.1      999.9   0.00     999.9
    1978     111   15.6   -1.1      999.9   0.00     999.9
    1978     112   20.6    7.8      999.9   0.00     999.9
    1978     113   23.9    1.7      999.9   0.00     999.9
    1978     114   21.7    7.8      999.9   0.00     999.9
    1978     115   16.7    7.8      999.9   0.00     999.9
    1978     116   20.0    5.6      999.9   0.00     999.9
    1978     117   23.3    7.8      999.9   0.00     999.9
    1978     118   24.4   11.7      999.9   0.00     999.9
    1978     119   25.0   11.1      999.9   2.54     999.9
    1978     120   23.3   11.1      999.9   0.00     999.9
    1978     121   18.9    5.0      999.9  25.15     999.9
    1978     122   12.2    5.0      999.9   4.32     999.9
    1978     123   11.7    5.6      999.9   0.00     999.9
    1978     124   12.8    4.4      999.9   2.54     999.9
    1978     125   11.7    2.8      999.9   0.00     999.9
    1978     126   11.7    6.1      999.9   3.05     999.9
    1978     127   19.4    7.2      999.9  14.99     999.9
    1978     128   21.7    6.1      999.9   0.00     999.9
    1978     129   22.8    6.7      999.9   0.00     999.9
    1978     130   24.4   10.0      999.9   0.00     999.9
    1978     131   27.8   14.4      999.9  10.41     999.9
    1978     132   27.2   14.4      999.9   0.51     999.9
    1978     133   22.2    9.4      999.9   0.00     999.9
    1978     134   25.6    7.2      999.9   0.00     999.9
    1978     135   26.1   10.6      999.9   0.00     999.9
    1978     136   25.0    8.9      999.9   0.00     999.9
    1978     137   22.8   10.6      999.9   0.00     999.9
    1978     138   22.8   14.4      999.9   8.64     999.9
    1978     139   27.8   17.8      999.9   2.29     999.9
    1978     140   27.2   15.0      999.9   0.00     999.9
    1978     141   23.3   11.1      999.9   0.00     999.9
    1978     142   27.2   16.1      999.9   2.79     999.9
    1978     143   31.7   18.3      999.9   0.00     999.9
    1978     144   30.0   20.0      999.9   0.00     999.9
    1978     145   29.4   13.3      999.9   0.00     999.9
    1978     146   27.2   16.1      999.9  80.77     999.9
    1978     147   27.2   17.2      999.9   2.79     999.9
    1978     148   25.6   14.4      999.9   0.76     999.9
    1978     149   26.1   12.8      999.9   0.00     999.9
    1978     150   29.4   12.2      999.9   0.00     999.9
    1978     151   30.0   18.3      999.9   3.05     999.9
    1978     152   25.6   14.4      999.9  15.49     999.9
    1978     153   19.4   12.2      999.9   2.03     999.9
    1978     154   23.3   12.2      999.9   0.76     999.9
    1978     155   23.3   13.3      999.9   0.00     999.9
    1978     156   25.6   12.8      999.9   2.03     999.9
    1978     157   25.6   15.6      999.9   0.00     999.9
    1978     158   28.9   13.3      999.9   0.00     999.9
    1978     159   25.6    9.4      999.9   0.00     999.9
    1978     160   28.9   12.8      999.9   0.00     999.9
    1978     161   30.6   13.3      999.9   0.00     999.9
    1978     162   32.8   19.4      999.9   0.00     999.9
    1978     163   31.7   15.0      999.9   0.00     999.9
    1978     164   30.6   11.7      999.9   0.00     999.9
    1978     165   34.4   18.3      999.9   0.00     999.9
    1978     166   36.1   23.3      999.9   0.00     999.9
    1978     167   37.8   21.7      999.9   0.00     999.9
    1978     168   36.1   20.6      999.9   0.00     999.9
    1978     169   34.4   17.2      999.9   1.78     999.9
    1978     170   34.4   15.0      999.9   0.00     999.9
    1978     171   33.3   16.7      999.9  41.40     999.9
    1978     172   25.6   16.1      999.9   0.00     999.9
    1978     173   32.2   17.8      999.9   0.00     999.9
    1978     174   36.1   21.7      999.9   0.00     999.9
    1978     175   38.3   21.7      999.9   0.00     999.9
    1978     176   38.9   22.2      999.9   0.00     999.9
    1978     177   38.9   23.9      999.9   0.00     999.9
    1978     178   35.6   20.0      999.9   0.00     999.9
    1978     179   35.6   21.1      999.9   0.00     999.9
    1978     180   36.7   21.7      999.9   0.00     999.9
    1978     181   36.7   22.2      999.9   0.00     999.9
    1978     182   38.3   21.7      999.9   0.00     999.9
    1978     183   37.2   20.6      999.9   0.00     999.9
    1978     184   39.4   21.1      999.9   0.00     999.9
    1978     185   38.3   22.2      999.9   0.00     999.9
    1978     186   38.9   23.9      999.9   0.00     999.9
    1978     187   37.8   23.9      999.9   0.00     999.9
    1978     188   33.9   18.9      999.9   2.54     999.9
    1978     189   40.0   21.1      999.9   0.00     999.9
    1978     190   38.9   26.1      999.9   0.00     999.9
    1978     191   28.9   18.3      999.9   0.00     999.9
    1978     192   38.9   18.3      999.9   0.00     999.9
    1978     193   40.6   23.3      999.9   0.00     999.9
    1978     194   39.4   21.1      999.9   0.00     999.9
    1978     195   41.7   19.4      999.9   0.00     999.9
    1978     196   40.0   18.9      999.9  14.22     999.9
    1978     197   36.7   19.4      999.9   0.00     999.9
    1978     198   38.3   23.3      999.9   0.00     999.9
    1978     199   40.6   24.4      999.9   0.00     999.9
    1978     200   38.9   22.2      999.9   0.00     999.9
    1978     201   37.2   22.2      999.9   1.78     999.9
    1978     202   38.9   25.6      999.9   0.00     999.9
    1978     203   36.7   20.0      999.9   3.05     999.9
    1978     204   30.0   15.0      999.9   0.00     999.9
    1978     205   34.4   13.3      999.9   0.00     999.9
    1978     206   39.4   21.1      999.9   0.00     999.9
    1978     207   38.3   23.3      999.9   0.00     999.9
    1978     208   36.7   15.6      999.9   0.00     999.9
    1978     209   37.2   21.7      999.9   0.00     999.9
    1978     210   40.0   20.0      999.9   0.00     999.9
    1978     211   35.6   18.9      999.9   0.00     999.9
    1978     212   36.1   19.4      999.9   0.00     999.9
    1978     213   36.7   20.0      999.9   0.00     999.9
    1978     214   34.4   20.0      999.9  16.26     999.9
    1978     215   27.8   15.6      999.9   0.00     999.9
    1978     216   24.4   13.9      999.9  20.32     999.9
    1978     217   28.3   13.9      999.9   0.00     999.9
    1978     218   31.7   16.7      999.9   0.00     999.9
    1978     219   32.8   18.9      999.9   0.00     999.9
    1978     220   33.9   18.9      999.9   0.00     999.9
    1978     221   33.9   16.7      999.9   0.00     999.9
    1978     222   32.8   18.3      999.9   0.00     999.9
    1978     223   39.4   20.6      999.9   0.00     999.9
    1978     224   41.7   23.9      999.9   0.00     999.9
    1978     225   40.6   23.9      999.9   0.00     999.9
    1978     226   38.3   23.9      999.9   0.00     999.9
    1978     227   34.4   20.0      999.9   0.00     999.9
    1978     228   37.2   13.9      999.9   0.00     999.9
    1978     229   40.6   25.6      999.9   0.00     999.9
    1978     230   39.4   26.1      999.9   0.00     999.9
    1978     231   31.7   14.4      999.9   0.00     999.9
    1978     232   34.4   13.3      999.9   0.00     999.9
    1978     233   37.8   21.7      999.9   0.00     999.9
    1978     234   36.7   22.8      999.9   0.00     999.9
    1978     235   38.9   24.4      999.9   0.00     999.9
    1978     236   38.9   23.3      999.9   0.00     999.9
    1978     237   38.3   21.1      999.9   0.00     999.9
    1978     238   37.2   22.8      999.9   0.00     999.9
    1978     239   37.2   21.1      999.9   0.00     999.9
    1978     240   35.6   16.7      999.9  10.41     999.9
    1978     241   29.4   16.1      999.9   0.00     999.9
    1978     242   30.6   12.8      999.9   0.00     999.9
    1978     243   30.6   13.3      999.9   0.00     999.9
    1978     244   33.3   16.7      999.9   0.00     999.9
    1978     245   37.2   19.4      999.9   0.00     999.9
    1978     246   40.0   15.6      999.9   0.00     999.9
    1978     247   38.9   18.9      999.9   0.00     999.9
    1978     248   37.2   16.7      999.9   0.00     999.9
    1978     249   37.2   19.4      999.9   0.00     999.9
    1978     250   36.1   18.3      999.9   0.00     999.9
    1978     251   34.4   15.6      999.9   0.00     999.9
    1978     252   30.0   16.7      999.9   0.00     999.9
    1978     253   34.4   18.9      999.9   0.00     999.9
    1978     254   32.8   19.4      999.9   0.00     999.9
    1978     255   33.3   22.8      999.9   0.00     999.9
    1978     256   36.1   20.6      999.9   0.00     999.9
    1978     257   33.9   11.7      999.9   0.00     999.9
    1978     258   38.3   22.8      999.9   0.51     999.9
    1978     259   40.0   23.3      999.9   0.00     999.9
    1978     260   32.8   18.3      999.9   0.00     999.9
    1978     261   33.3   19.4      999.9   1.27     999.9
    1978     262   32.2   17.2      999.9   0.00     999.9
    1978     263   18.3   10.6      999.9  72.14     999.9
    1978     264   18.3    7.8      999.9  18.54     999.9
    1978     265   20.0    7.2      999.9   0.00     999.9
    1978     266   25.0    7.2      999.9   0.00     999.9
    1978     267   26.7   16.1      999.9   0.00     999.9
    1978     268   25.0   17.8      999.9   0.00     999.9
    1978     269   23.3   12.2      999.9   0.00     999.9
    1978     270   26.7   13.3      999.9   0.00     999.9
    1978     271   27.8   11.7      999.9   0.00     999.9
    1978     272   31.1   13.3      999.9   0.00     999.9
    1978     273   23.9    8.3      999.9   0.00     999.9
    1978     274   27.8   11.7      999.9   0.00     999.9
    1978     275   27.2   14.4      999.9   0.00     999.9
    1978     276   23.9   12.2      999.9   0.00     999.9
    1978     277   28.3   10.0      999.9   0.00     999.9
    1978     278   24.4    4.4      999.9   0.00     999.9
    1978     279   19.4    1.1      999.9   0.00     999.9
    1978     280   24.4    3.9      999.9   0.00     999.9
    1978     281   25.0    7.8      999.9   0.00     999.9
    1978     282   23.9   12.8      999.9   0.00     999.9
    1978     283   28.9    6.7      999.9   0.00     999.9
    1978     284   33.3    6.1      999.9   0.00     999.9
    1978     285   30.6    7.2      999.9   0.00     999.9
    1978     286   20.6    8.3      999.9   0.00     999.9
    1978     287   18.9   -1.1      999.9   0.00     999.9
    1978     288   25.0    1.7      999.9   0.00     999.9
    1978     289   22.8    1.1      999.9   0.00     999.9
    1978     290   24.4    6.7      999.9   0.00     999.9
    1978     291   23.9    6.7      999.9   0.00     999.9
    1978     292   23.9    2.2      999.9   0.00     999.9
    1978     293   28.9    6.1      999.9   0.00     999.9
    1978     294   30.6    8.9      999.9   0.00     999.9
    1978     295   27.2    7.8      999.9   3.81     999.9
    1978     296   13.9    3.3      999.9   0.00     999.9
    1978     297   22.2    0.6      999.9   0.00     999.9
    1978     298   20.6    8.3      999.9   0.00     999.9
    1978     299   18.9   -1.7      999.9   0.00     999.9
    1978     300   24.4    1.7      999.9   0.00     999.9
    1978     301   24.4    3.9      999.9   0.00     999.9
    1978     302   25.0    7.8      999.9   0.00     999.9
    1978     303   25.6    9.4      999.9   0.00     999.9
    1978     304   23.9    8.3      999.9   0.00     999.9
    1978     305   20.6    0.0      999.9   0.00     999.9
    1978     306   26.1    8.9      999.9   0.00     999.9
    1978     307   26.7   11.7      999.9   0.00     999.9
    1978     308   26.7   10.6      999.9   0.00     999.9
    1978     309   23.3   10.0      999.9   0.00     999.9
    1978     310   10.6    1.7      999.9   7.87     999.9
    1978     311   15.6   -2.8      999.9   0.00     999.9
    1978     312   21.1    2.2      999.9   0.00     999.9
    1978     313   21.1    5.0      999.9   0.00     999.9
    1978     314   17.8    6.7      999.9   0.00     999.9
    1978     315    9.4    1.7      999.9   0.00     999.9
    1978     316    6.7    1.1      999.9   7.37     999.9
    1978     317   14.4    6.1      999.9   4.32     999.9
    1978     318    9.4   -1.7      999.9   0.00     999.9
    1978     319    0.6   -1.7      999.9   5.33     999.9
    1978     320    1.7   -0.6      999.9   4.06     999.9
    1978     321   10.6    0.6      999.9   3.56     999.9
    1978     322   16.1   -2.8      999.9   0.00     999.9
    1978     323    9.4   -1.7      999.9   0.00     999.9
    1978     324    0.0   -5.6      999.9   0.00     999.9
    1978     325   -3.3   -6.7      999.9   2.03     999.9
    1978     326    6.1   -3.9      999.9   1.27     999.9
    1978     327   16.1    0.6      999.9   0.00     999.9
    1978     328   11.1    0.6      999.9   0.00     999.9
    1978     329    9.4    5.6      999.9   4.57     999.9
    1978     330    7.8    2.2      999.9   2.03     999.9
    1978     331    6.7   -4.4      999.9   0.00     999.9
    1978     332   10.6   -5.0      999.9   0.00     999.9
    1978     333   12.8    0.0      999.9   0.00     999.9
    1978     334   11.7   -2.2      999.9   0.00     999.9
    1978     335   13.9   -1.1      999.9   0.00     999.9
    1978     336    8.3   -4.4      999.9   0.76     999.9
    1978     337   -2.8  -12.8      999.9   0.00     999.9
    1978     338   11.7   -8.9      999.9   0.00     999.9
    1978     339    7.8    1.1      999.9   0.00     999.9
    1978     340    1.7   -5.6      999.9   0.00     999.9
    1978     341   -4.4  -12.2      999.9   1.27     999.9
    1978     342   -2.2  -12.8      999.9   0.25     999.9
    1978     343    1.7  -15.0      999.9   0.00     999.9
    1978     344    9.4  -10.6      999.9   0.00     999.9
    1978     345    8.9   -4.4      999.9   0.00     999.9
    1978     346   12.8   -3.3      999.9   0.00     999.9
    1978     347    6.1   -2.2      999.9   0.00     999.9
    1978     348   10.0   -5.6      999.9   0.00     999.9
    1978     349   13.3   -6.7      999.9   0.00     999.9
    1978     350    9.4   -3.9      999.9   0.00     999.9
    1978     351    8.9   -6.1      999.9   0.00     999.9
    1978     352   12.8    0.0      999.9   0.00     999.9
    1978     353   14.4    6.1      999.9   0.00     999.9
    1978     354   16.1   -2.8      999.9   0.00     999.9
    1978     355   11.1   -4.4      999.9   0.00     999.9
    1978     356    8.9   -4.4      999.9   0.00     999.9
    1978     357   10.6   -5.6      999.9   0.00     999.9
    1978     358    7.2  -10.6      999.9   0.00     999.9
    1978     359   11.1   -5.0      999.9   0.00     999.9
    1978     360    5.6   -7.2      999.9   0.00     999.9
    1978     361    7.2  -10.6      999.9   0.00     999.9
    1978     362   13.9   -1.7      999.9   0.00     999.9
    1978     363   11.1   -9.4      999.9   0.00     999.9
    1978     364   -8.9  -12.2      999.9   0.00     999.9
    1978     365  -11.1  -13.3      999.9  12.19     999.9
    1979       1  -12.8  -18.9      999.9   5.08     999.9
    1979       2   -4.4  -22.8      999.9   0.00     999.9
    1979       3   -2.2  -20.6      999.9   0.00     999.9
    1979       4   -3.3  -12.8      999.9   0.00     999.9
    1979       5   -8.9  -15.0      999.9   0.51     999.9
    1979       6   -6.7  -14.4      999.9   0.00     999.9
    1979       7   -5.0  -15.6      999.9   0.76     999.9
    1979       8   -5.0  -23.9      999.9   0.00     999.9
    1979       9   -3.9  -20.6      999.9   0.00     999.9
    1979      10   -8.3  -15.0      999.9   0.00     999.9
    1979      11   -4.4  -12.2      999.9   0.51     999.9
    1979      12   -1.1   -4.4      999.9   0.00     999.9
    1979      13   -1.7  -16.7      999.9   6.60     999.9
    1979      14  -11.7  -22.8      999.9   0.00     999.9
    1979      15    1.1  -17.8      999.9   0.00     999.9
    1979      16   -1.7  -15.0      999.9   0.00     999.9
    1979      17    3.9  -15.0      999.9   0.00     999.9
    1979      18    1.7   -8.3      999.9   0.00     999.9
    1979      19    4.4   -2.2      999.9  15.75     999.9
    1979      20    3.3   -4.4      999.9   0.00     999.9
    1979      21    3.9   -6.1      999.9   0.00     999.9
    1979      22    6.1   -3.3      999.9   0.00     999.9
    1979      23    3.3   -9.4      999.9   1.78     999.9
    1979      24    0.6  -15.0      999.9   0.00     999.9
    1979      25    1.7   -9.4      999.9   0.00     999.9
    1979      26    0.0   -6.7      999.9   1.52     999.9
    1979      27   -6.1  -15.6      999.9   1.02     999.9
    1979      28   -5.6  -15.6      999.9   0.00     999.9
    1979      29  -10.0  -16.7      999.9   0.00     999.9
    1979      30   -9.4  -17.8      999.9   8.13     999.9
    1979      31   -6.7  -26.7      999.9   0.00     999.9
    1979      32   -3.3  -22.2      999.9   0.00     999.9
    1979      33   -3.9  -12.2      999.9   0.00     999.9
    1979      34   -1.7  -20.0      999.9   0.00     999.9
    1979      35   -2.2  -17.8      999.9   0.00     999.9
    1979      36   -4.4  -22.2      999.9   0.00     999.9
    1979      37    2.2  -12.2      999.9   0.00     999.9
    1979      38   -1.1  -18.3      999.9   0.00     999.9
    1979      39   -1.7  -11.7      999.9   0.00     999.9
    1979      40   -2.8  -19.4      999.9   0.00     999.9
    1979      41    6.1  -11.1      999.9   0.00     999.9
    1979      42    8.9   -3.9      999.9   0.00     999.9
    1979      43    2.2   -6.7      999.9   0.00     999.9
    1979      44    0.0   -4.4      999.9   0.00     999.9
    1979      45    2.8   -2.8      999.9   0.00     999.9
    1979      46    2.2   -7.8      999.9   0.00     999.9
    1979      47   -7.2  -19.4      999.9   0.00     999.9
    1979      48  -11.1  -16.7      999.9   0.51     999.9
    1979      49   -0.6  -18.3      999.9   2.54     999.9
    1979      50    7.8   -9.4      999.9   0.00     999.9
    1979      51    6.7   -1.1      999.9   0.00     999.9
    1979      52    4.4   -2.2      999.9   0.00     999.9
    1979      53   15.6    1.1      999.9   0.00     999.9
    1979      54   12.2   -3.3      999.9   0.00     999.9
    1979      55    2.2   -6.1      999.9   0.00     999.9
    1979      56    6.7   -5.6      999.9   0.00     999.9
    1979      57    7.2   -3.3      999.9   0.00     999.9
    1979      58   14.4    0.0      999.9   0.00     999.9
    1979      59   13.9    1.7      999.9   1.27     999.9
    1979      60    9.4    0.6      999.9   0.00     999.9
    1979      61   13.3    5.0      999.9   0.00     999.9
    1979      62    8.3   -5.6      999.9  31.50     999.9
    1979      63    3.9   -5.6      999.9   0.76     999.9
    1979      64   11.7   -4.4      999.9   0.00     999.9
    1979      65   16.7    0.6      999.9   0.00     999.9
    1979      66   15.6    2.8      999.9   0.00     999.9
    1979      67   12.2   -1.7      999.9   0.00     999.9
    1979      68   10.0    0.0      999.9  20.83     999.9
    1979      69   10.0   -1.1      999.9   0.00     999.9
    1979      70   22.8   -0.6      999.9   0.00     999.9
    1979      71   20.0    1.7      999.9   0.00     999.9
    1979      72   17.8    2.8      999.9   0.00     999.9
    1979      73   16.1   -1.7      999.9   0.00     999.9
    1979      74   14.4   -2.8      999.9   0.00     999.9
    1979      75    7.2    3.9      999.9   0.00     999.9
    1979      76   10.0    5.0      999.9   0.00     999.9
    1979      77   18.9    8.9      999.9  40.89     999.9
    1979      78   17.8    1.7      999.9   0.00     999.9
    1979      79   11.7    2.2      999.9   0.00     999.9
    1979      80   16.7    6.7      999.9   0.25     999.9
    1979      81   18.3   10.6      999.9  23.37     999.9
    1979      82   11.1    0.0      999.9   7.11     999.9
    1979      83    8.9   -1.1      999.9   0.00     999.9
    1979      84   15.0   -2.2      999.9   0.00     999.9
    1979      85   14.4    1.7      999.9   0.00     999.9
    1979      86    8.9   -2.2      999.9   0.00     999.9
    1979      87   22.2    5.6      999.9   0.00     999.9
    1979      88   25.6   14.4      999.9   0.00     999.9
    1979      89   24.4    5.6      999.9   0.00     999.9
    1979      90   13.3    2.2      999.9   0.00     999.9
    1979      91   11.7    3.3      999.9   5.59     999.9
    1979      92    5.6   -0.6      999.9   1.02     999.9
    1979      93    4.4   -0.6      999.9   5.84     999.9
    1979      94   11.1   -2.8      999.9   3.30     999.9
    1979      95   21.7    1.7      999.9   0.00     999.9
    1979      96   20.6   -2.8      999.9   0.00     999.9
    1979      97   24.4    3.9      999.9   0.00     999.9
    1979      98   23.9   10.0      999.9   0.00     999.9
    1979      99   16.1   -1.1      999.9   0.00     999.9
    1979     100   12.8    5.0      999.9   2.79     999.9
    1979     101   17.2    9.4      999.9   6.86     999.9
    1979     102   16.7    3.9      999.9   0.00     999.9
    1979     103   19.4    0.0      999.9   0.00     999.9
    1979     104   22.8    4.4      999.9   0.00     999.9
    1979     105   25.6    7.8      999.9   0.00     999.9
    1979     106   27.2   14.4      999.9   0.00     999.9
    1979     107   25.6   15.6      999.9   0.00     999.9
    1979     108   22.2   12.8      999.9   0.51     999.9
    1979     109   21.7   13.9      999.9   0.51     999.9
    1979     110   20.0   11.1      999.9   0.00     999.9
    1979     111   20.0    4.4      999.9   0.00     999.9
    1979     112   23.3    4.4      999.9   0.00     999.9
    1979     113   22.8    7.8      999.9   0.00     999.9
    1979     114   24.4   10.0      999.9   0.00     999.9
    1979     115   23.3   10.0      999.9   0.00     999.9
    1979     116   20.0    1.1      999.9   0.00     999.9
    1979     117   16.7    6.7      999.9   0.00     999.9
    1979     118   14.4    0.6      999.9   0.00     999.9
    1979     119   18.9    3.3      999.9   0.00     999.9
    1979     120   22.2    3.3      999.9   0.00     999.9
    1979     121   21.1    5.0      999.9   0.76     999.9
    1979     122   20.0   12.2      999.9  13.46     999.9
    1979     123   12.8    5.0      999.9  15.75     999.9
    1979     124   16.7    5.0      999.9   1.02     999.9
    1979     125   21.1    3.3      999.9   0.00     999.9
    1979     126   26.7   10.6      999.9   0.00     999.9
    1979     127   26.1   16.1      999.9   0.00     999.9
    1979     128   27.8   16.7      999.9   0.00     999.9
    1979     129   26.1   20.0      999.9   0.00     999.9
    1979     130   23.9    4.4      999.9  26.67     999.9
    1979     131   18.9    0.6      999.9   0.00     999.9
    1979     132   22.2    5.6      999.9   0.00     999.9
    1979     133   23.9    5.6      999.9   1.02     999.9
    1979     134   23.9    7.8      999.9   0.51     999.9
    1979     135   23.9   11.1      999.9   0.00     999.9
    1979     136   26.7   12.8      999.9   0.00     999.9
    1979     137   26.7   12.2      999.9   0.00     999.9
    1979     138   26.1   15.6      999.9   2.03     999.9
    1979     139   27.2   15.6      999.9   0.00     999.9
    1979     140   22.8   13.9      999.9  33.53     999.9
    1979     141   21.7   12.2      999.9   0.00     999.9
    1979     142   23.9    9.4      999.9   0.00     999.9
    1979     143   22.2   12.8      999.9   0.00     999.9
    1979     144   21.7    6.1      999.9   0.00     999.9
    1979     145   22.8    7.2      999.9   0.00     999.9
    1979     146   25.0   13.3      999.9   0.00     999.9
    1979     147   30.6   11.7      999.9   0.00     999.9
    1979     148   28.3   15.6      999.9   0.00     999.9
    1979     149   28.3   17.2      999.9   0.00     999.9
    1979     150   27.8   14.4      999.9   0.00     999.9
    1979     151   22.8    8.9      999.9   0.00     999.9
    1979     152   22.2   12.8      999.9   0.00     999.9
    1979     153   25.6    7.8      999.9   0.00     999.9
    1979     154   28.3   12.8      999.9   0.00     999.9
    1979     155   32.8   15.6      999.9   0.00     999.9
    1979     156   32.8   15.0      999.9   0.00     999.9
    1979     157   29.4   15.6      999.9  15.49     999.9
    1979     158   31.1   16.7      999.9   0.00     999.9
    1979     159   30.6   13.3      999.9  15.75     999.9
    1979     160   18.9   12.2      999.9  11.43     999.9
    1979     161   25.6    8.3      999.9   6.86     999.9
    1979     162   27.8    9.4      999.9   0.00     999.9
    1979     163   30.6   13.3      999.9   0.00     999.9
    1979     164   35.0   17.2      999.9   0.00     999.9
    1979     165   36.1   16.1      999.9   0.00     999.9
    1979     166   37.2   18.9      999.9   0.00     999.9
    1979     167   36.1   20.0      999.9   0.00     999.9
    1979     168   33.9   19.4      999.9   0.00     999.9
    1979     169   34.4   18.3      999.9   0.00     999.9
    1979     170   33.3   19.4      999.9   0.00     999.9
    1979     171   33.9   13.3      999.9   0.00     999.9
    1979     172   38.3   14.4      999.9   0.00     999.9
    1979     173   36.7   18.3      999.9   0.00     999.9
    1979     174   32.8   17.8      999.9  20.07     999.9
    1979     175   27.2   16.7      999.9   0.00     999.9
    1979     176   28.3   16.1      999.9   0.00     999.9
    1979     177   32.2   18.3      999.9   0.00     999.9
    1979     178   35.0   20.0      999.9   0.00     999.9
    1979     179   34.4   21.1      999.9   0.00     999.9
    1979     180   35.0   18.9      999.9   0.00     999.9
    1979     181   33.9   17.8      999.9   5.08     999.9
    1979     182   35.6   18.9      999.9   1.02     999.9
    1979     183   37.8   21.1      999.9   0.00     999.9
    1979     184   38.9   22.2      999.9   0.00     999.9
    1979     185   40.0   22.2      999.9   0.00     999.9
    1979     186   38.3   18.3      999.9   4.83     999.9
    1979     187   22.8   15.6      999.9  12.19     999.9
    1979     188   26.7   17.2      999.9   1.02     999.9
    1979     189   37.2   18.3      999.9   0.00     999.9
    1979     190   36.7   20.0      999.9   0.00     999.9
    1979     191   37.2   19.4      999.9   0.00     999.9
    1979     192   38.3   19.4      999.9   0.00     999.9
    1979     193   38.9   21.7      999.9   0.00     999.9
    1979     194   40.0   22.2      999.9   0.00     999.9
    1979     195   38.9   23.9      999.9   0.00     999.9
    1979     196   37.2   22.8      999.9   0.00     999.9
    1979     197   32.8   20.6      999.9   1.78     999.9
    1979     198   28.9   15.6      999.9  48.77     999.9
    1979     199   28.3   18.3      999.9   0.00     999.9
    1979     200   28.3   20.6      999.9   0.00     999.9
    1979     201   30.6   16.7      999.9   0.00     999.9
    1979     202   32.8   19.4      999.9   0.00     999.9
    1979     203   32.8   20.0      999.9   0.00     999.9
    1979     204   31.7   20.6      999.9  15.75     999.9
    1979     205   32.8   21.7      999.9   2.03     999.9
    1979     206   30.6   18.3      999.9  62.48     999.9
    1979     207   31.1   18.3      999.9   0.00     999.9
    1979     208   32.2   20.6      999.9   0.00     999.9
    1979     209   35.0   22.2      999.9   0.00     999.9
    1979     210   37.2   23.3      999.9   0.00     999.9
    1979     211   36.7   24.4      999.9   0.00     999.9
    1979     212   28.9   16.7      999.9  41.91     999.9
    1979     213   28.9   16.7      999.9   0.00     999.9
    1979     214   32.8   18.9      999.9   0.00     999.9
    1979     215   33.9   20.0      999.9   6.10     999.9
    1979     216   35.0   20.0      999.9   0.00     999.9
    1979     217   36.7   21.1      999.9   0.00     999.9
    1979     218   35.6   22.8      999.9   0.00     999.9
    1979     219   36.7   23.3      999.9   0.00     999.9
    1979     220   36.7   22.8      999.9   0.00     999.9
    1979     221   36.1   21.7      999.9   0.00     999.9
    1979     222   35.0   19.4      999.9   0.00     999.9
    1979     223   25.6   12.8      999.9   8.64     999.9
    1979     224   29.4   12.2      999.9   0.00     999.9
    1979     225   35.0   16.1      999.9   0.00     999.9
    1979     226   34.4   16.1      999.9   0.00     999.9
    1979     227   21.7   12.2      999.9   2.03     999.9
    1979     228   32.2   15.0      999.9   0.25     999.9
    1979     229   35.6   21.7      999.9   0.00     999.9
    1979     230   35.0   20.6      999.9   0.00     999.9
    1979     231   35.0   22.8      999.9   0.00     999.9
    1979     232   34.4   17.2      999.9   0.00     999.9
    1979     233   32.8   17.8      999.9   4.06     999.9
    1979     234   35.0   16.7      999.9   0.00     999.9
    1979     235   32.2   14.4      999.9   0.00     999.9
    1979     236   30.6   16.7      999.9   0.00     999.9
    1979     237   30.6   16.7      999.9   0.00     999.9
    1979     238   31.1   17.8      999.9   0.00     999.9
    1979     239   30.6   17.2      999.9   0.00     999.9
    1979     240   37.2   17.2      999.9   0.00     999.9
    1979     241   37.2   21.7      999.9   0.51     999.9
    1979     242   36.1   19.4      999.9  18.29     999.9
    1979     243   33.3   22.2      999.9   0.00     999.9
    1979     244   36.1   18.3      999.9   0.00     999.9
    1979     245   34.4   19.4      999.9   1.78     999.9
    1979     246   34.4   18.3      999.9   0.00     999.9
    1979     247   33.3   17.8      999.9   0.00     999.9
    1979     248   35.6   19.4      999.9   0.00     999.9
    1979     249   34.4   19.4      999.9   0.00     999.9
    1979     250   30.6   17.2      999.9   0.00     999.9
    1979     251   31.1   11.1      999.9   0.00     999.9
    1979     252   33.3   15.6      999.9   0.00     999.9
    1979     253   33.3   15.6      999.9   0.00     999.9
    1979     254   32.2   11.1      999.9   0.00     999.9
    1979     255   32.2   13.9      999.9   0.00     999.9
    1979     256   31.7   10.0      999.9   0.00     999.9
    1979     257   26.1    8.3      999.9   0.00     999.9
    1979     258   26.7    6.1      999.9   0.00     999.9
    1979     259   28.9    8.9      999.9   0.00     999.9
    1979     260   28.9    8.9      999.9   0.00     999.9
    1979     261   31.1   10.0      999.9   0.00     999.9
    1979     262   30.6    9.4      999.9   0.00     999.9
    1979     263   28.9   10.0      999.9   0.00     999.9
    1979     264   27.2   12.8      999.9   0.00     999.9
    1979     265   28.3    7.8      999.9   0.00     999.9
    1979     266   32.2   12.8      999.9   0.00     999.9
    1979     267   33.3   16.1      999.9   0.00     999.9
    1979     268   31.7   16.1      999.9   0.51     999.9
    1979     269   32.8   13.9      999.9   0.00     999.9
    1979     270   33.9   18.3      999.9   0.00     999.9
    1979     271   32.8   12.8      999.9   0.00     999.9
    1979     272   35.0    9.4      999.9   0.00     999.9
    1979     273   35.6   11.1      999.9   0.00     999.9
    1979     274   33.9   12.8      999.9   0.00     999.9
    1979     275   30.0    3.9      999.9   0.00     999.9
    1979     276   29.4   14.4      999.9   0.00     999.9
    1979     277   22.2    5.0      999.9   0.00     999.9
    1979     278   32.2    3.9      999.9   0.00     999.9
    1979     279   28.3    7.2      999.9   0.00     999.9
    1979     280   33.3    8.3      999.9   0.00     999.9
    1979     281   35.0    8.9      999.9   0.00     999.9
    1979     282   32.2   10.6      999.9   0.00     999.9
    1979     283   25.0    1.1      999.9   0.00     999.9
    1979     284   33.9   13.3      999.9   0.00     999.9
    1979     285   31.7   13.9      999.9   0.00     999.9
    1979     286   21.7    5.0      999.9   0.00     999.9
    1979     287   22.2    5.0      999.9   0.00     999.9
    1979     288   25.6   12.8      999.9   0.00     999.9
    1979     289   29.4   13.9      999.9   0.00     999.9
    1979     290   27.2   11.7      999.9   1.02     999.9
    1979     291   29.4   11.7      999.9   0.25     999.9
    1979     292   27.8   11.7      999.9  58.42     999.9
    1979     293   30.0   18.3      999.9   0.00     999.9
    1979     294   29.4   12.8      999.9   0.00     999.9
    1979     295   14.4    2.2      999.9  31.75     999.9
    1979     296   18.9    1.1      999.9   0.00     999.9
    1979     297   21.7    3.9      999.9   0.00     999.9
    1979     298   21.7    8.9      999.9   0.00     999.9
    1979     299   25.6    7.8      999.9   0.00     999.9
    1979     300   23.9    9.4      999.9   0.00     999.9
    1979     301   21.1    3.3      999.9   0.00     999.9
    1979     302   21.7    6.1      999.9   0.00     999.9
    1979     303   18.3   11.7      999.9 115.57     999.9
    1979     304   13.9    3.3      999.9  85.60     999.9
    1979     305   12.2    0.6      999.9   0.00     999.9
    1979     306   13.9    0.6      999.9   0.00     999.9
    1979     307   14.4   -1.7      999.9   0.00     999.9
    1979     308   16.1    3.9      999.9   0.00     999.9
    1979     309   13.9    4.4      999.9   0.00     999.9
    1979     310    7.2    0.0      999.9   0.00     999.9
    1979     311    6.7    1.7      999.9   0.00     999.9
    1979     312    7.2    2.2      999.9   0.76     999.9
    1979     313    5.6   -0.6      999.9  13.46     999.9
    1979     314    5.0   -3.3      999.9   0.00     999.9
    1979     315    5.6   -1.7      999.9   0.00     999.9
    1979     316   10.6    1.7      999.9   2.54     999.9
    1979     317   13.9   -2.8      999.9   0.00     999.9
    1979     318   16.1   -1.1      999.9   0.00     999.9
    1979     319   20.6    2.2      999.9   0.00     999.9
    1979     320   19.4   -0.6      999.9   0.00     999.9
    1979     321   18.9    1.7      999.9   0.00     999.9
    1979     322   19.4   10.0      999.9   0.00     999.9
    1979     323   17.2    3.9      999.9   0.00     999.9
    1979     324   13.9    7.2      999.9   9.65     999.9
    1979     325   13.9    2.8      999.9  16.26     999.9
    1979     326    5.0   -0.6      999.9   0.00     999.9
    1979     327    8.3   -4.4      999.9   0.00     999.9
    1979     328   12.2   -1.1      999.9   0.00     999.9
    1979     329   10.6    0.6      999.9   0.00     999.9
    1979     330    8.9   -2.2      999.9   0.00     999.9
    1979     331    9.4    2.2      999.9   0.00     999.9
    1979     332    4.4   -5.6      999.9   0.00     999.9
    1979     333    2.2   -7.8      999.9   0.00     999.9
    1979     334    7.8   -8.3      999.9   0.00     999.9
    1979     335    7.2   -5.6      999.9   0.00     999.9
    1979     336    2.8   -7.8      999.9   0.00     999.9
    1979     337   13.9   -1.7      999.9   0.00     999.9
    1979     338   18.9   -1.7      999.9   0.00     999.9
    1979     339   12.2    2.2      999.9   0.00     999.9
    1979     340   14.4   -2.2      999.9   0.00     999.9
    1979     341   13.3    0.0      999.9   0.00     999.9
    1979     342    6.1   -0.6      999.9   0.00     999.9
    1979     343   14.4   -3.3      999.9   0.00     999.9
    1979     344   17.2    0.6      999.9   0.00     999.9
    1979     345   15.0   -2.8      999.9   0.00     999.9
    1979     346   -0.6   -6.1      999.9   0.00     999.9
    1979     347    7.2   -8.9      999.9   0.00     999.9
    1979     348    7.8   -8.9      999.9   0.00     999.9
    1979     349    9.4   -1.7      999.9   0.00     999.9
    1979     350    4.4  -12.2      999.9   0.00     999.9
    1979     351    1.7  -16.7      999.9   0.00     999.9
    1979     352   18.9   -5.6      999.9   0.00     999.9
    1979     353   15.6   -3.9      999.9   0.00     999.9
    1979     354   14.4   -2.8      999.9   0.00     999.9
    1979     355   13.9   -4.4      999.9   0.00     999.9
    1979     356   17.2   -3.3      999.9   0.00     999.9
    1979     357   15.0    0.0      999.9   0.00     999.9
    1979     358   11.7    0.0      999.9   0.00     999.9
    1979     359   13.3    0.6      999.9   0.00     999.9
    1979     360   11.7   -2.2      999.9   0.00     999.9
    1979     361   10.0    3.9      999.9   0.00     999.9
    1979     362    7.8    0.0      999.9  14.48     999.9
    1979     363    1.1   -0.6      999.9  11.18     999.9
    1979     364    5.0   -1.1      999.9   0.00     999.9
    1979     365    7.2   -3.3      999.9   0.00     999.9
