   1978      1   -6.1  -15.6      999.9   0.25     999.9
   1978      2    2.2  -12.8      999.9   0.00     999.9
   1978      3    8.3  -12.8      999.9   0.00     999.9
   1978      4    5.6   -1.1      999.9   0.00     999.9
   1978      5    4.4   -5.6      999.9   0.00     999.9
   1978      6   11.1   -8.3      999.9   0.00     999.9
   1978      7    4.4   -3.3      999.9   0.00     999.9
   1978      8   -3.3  -16.1      999.9   0.00     999.9
   1978      9  -11.1  -18.3      999.9   0.00     999.9
   1978     10  -11.1  -18.3      999.9   0.00     999.9
   1978     11   -7.2  -11.7      999.9   0.00     999.9
   1978     12   -0.6   -8.3      999.9   0.00     999.9
   1978     13   -2.8   -9.4      999.9   0.00     999.9
   1978     14   -2.2  -12.2      999.9   0.00     999.9
   1978     15   -1.7   -8.3      999.9   0.00     999.9
   1978     16   -3.3  -15.6      999.9   7.62     999.9
   1978     17   -9.4  -23.9      999.9   0.00     999.9
   1978     18   -5.6  -15.6      999.9   0.00     999.9
   1978     19   -8.3  -15.6      999.9   1.78     999.9
   1978     20   -7.8  -17.8      999.9   0.00     999.9
   1978     21   -6.7  -16.1      999.9   0.00     999.9
   1978     22    2.2   -7.8      999.9   0.00     999.9
   1978     23   -0.6   -2.8      999.9   0.00     999.9
   1978     24   -0.6   -4.4      999.9   0.00     999.9
   1978     25   -3.9  -13.3      999.9   0.00     999.9
   1978     26   -6.7  -16.7      999.9   0.00     999.9
   1978     27   -4.4  -16.7      999.9   0.00     999.9
   1978     28   -5.6  -15.0      999.9   0.00     999.9
   1978     29   -7.2  -17.2      999.9   0.00     999.9
   1978     30   -0.6   -9.4      999.9   0.00     999.9
   1978     31   -3.3  -17.2      999.9   0.00     999.9
   1978     32   -1.7  -10.0      999.9   1.02     999.9
   1978     33   -7.8  -21.1      999.9   0.00     999.9
   1978     34   -3.3  -13.3      999.9   0.00     999.9
   1978     35    5.6   -5.6      999.9   0.00     999.9
   1978     36   -2.2  -12.8      999.9   0.00     999.9
   1978     37   -9.4  -13.3      999.9   0.00     999.9
   1978     38   -7.2  -12.2      999.9   3.30     999.9
   1978     39   -6.7  -12.2      999.9   1.78     999.9
   1978     40   -3.3   -8.9      999.9   0.00     999.9
   1978     41   -0.6   -9.4      999.9   0.00     999.9
   1978     42    2.2   -3.3      999.9   0.00     999.9
   1978     43    0.6   -1.1      999.9   0.00     999.9
   1978     44   -1.1   -6.7      999.9  13.97     999.9
   1978     45   -3.3   -9.4      999.9   8.89     999.9
   1978     46   -2.8  -15.6      999.9   0.00     999.9
   1978     47   -3.3  -16.1      999.9   0.00     999.9
   1978     48   -7.8  -21.1      999.9   0.00     999.9
   1978     49   -4.4  -23.9      999.9   0.00     999.9
   1978     50   -2.2  -20.6      999.9   0.00     999.9
   1978     51   -2.2   -8.9      999.9   0.51     999.9
   1978     52   -3.3  -16.7      999.9   0.76     999.9
   1978     53    7.2  -11.1      999.9   0.00     999.9
   1978     54    6.7   -1.7      999.9   0.00     999.9
   1978     55    9.4    0.0      999.9   0.00     999.9
   1978     56    2.8   -3.9      999.9   0.00     999.9
   1978     57    0.6   -6.1      999.9   0.00     999.9
   1978     58    4.4   -3.3      999.9   0.00     999.9
   1978     59    1.1   -4.4      999.9   0.76     999.9
   1978     60   -1.7   -8.3      999.9   0.76     999.9
   1978     61    0.0   -5.6      999.9  10.16     999.9
   1978     62   -4.4  -13.9      999.9   7.11     999.9
   1978     63   -5.6  -23.3      999.9   0.00     999.9
   1978     64    6.1  -13.3      999.9   0.00     999.9
   1978     65    3.9   -1.7      999.9   0.00     999.9
   1978     66    2.2   -1.7      999.9   0.00     999.9
   1978     67    1.1   -8.9      999.9   0.25     999.9
   1978     68   10.6  -10.6      999.9   0.00     999.9
   1978     69   16.7   -3.3      999.9   0.00     999.9
   1978     70    8.9   -1.1      999.9   5.84     999.9
   1978     71   11.7   -4.4      999.9   0.25     999.9
   1978     72    7.8    4.4      999.9   0.25     999.9
   1978     73    5.0    1.1      999.9   1.52     999.9
   1978     74    7.8   -1.7      999.9   0.00     999.9
   1978     75    7.2   -3.9      999.9   0.00     999.9
   1978     76    8.3   -6.1      999.9   0.00     999.9
   1978     77   25.6    0.0      999.9   0.00     999.9
   1978     78   17.8    0.6      999.9   0.00     999.9
   1978     79   17.2    0.0      999.9   0.00     999.9
   1978     80   20.6   -0.6      999.9   0.00     999.9
   1978     81   24.4   11.7      999.9   0.00     999.9
   1978     82   14.4    1.7      999.9   5.08     999.9
   1978     83    3.3    0.0      999.9  14.22     999.9
   1978     84    8.3   -1.7      999.9   0.00     999.9
   1978     85   13.3   -4.4      999.9   0.00     999.9
   1978     86   25.0    0.0      999.9   0.00     999.9
   1978     87   26.7    6.1      999.9   0.00     999.9
   1978     88   20.0   10.0      999.9   0.00     999.9
   1978     89   27.2    5.6      999.9   0.00     999.9
   1978     90   29.4   16.1      999.9   0.00     999.9
   1978     91   22.8    9.4      999.9   0.00     999.9
   1978     92   25.6   14.4      999.9   0.00     999.9
   1978     93   27.8   15.6      999.9   0.00     999.9
   1978     94   21.1    7.8      999.9   0.00     999.9
   1978     95   24.4   12.2      999.9   1.02     999.9
   1978     96   23.3   10.0      999.9   2.03     999.9
   1978     97   28.3    9.4      999.9   0.00     999.9
   1978     98   29.4   18.3      999.9   0.00     999.9
   1978     99   26.1   18.3      999.9   0.00     999.9
   1978    100   18.9    7.2      999.9  10.92     999.9
   1978    101   18.9    2.2      999.9   0.00     999.9
   1978    102   20.0   10.0      999.9   0.00     999.9
   1978    103   18.9    1.7      999.9   0.00     999.9
   1978    104   21.1   11.1      999.9   1.02     999.9
   1978    105   11.7    7.8      999.9   0.00     999.9
   1978    106   10.0    6.7      999.9   4.06     999.9
   1978    107   21.1    7.8      999.9   1.02     999.9
   1978    108   11.7    5.6      999.9   5.08     999.9
   1978    109    9.4    4.4      999.9   1.52     999.9
   1978    110   12.2    1.1      999.9   0.00     999.9
   1978    111   15.0   -2.8      999.9   0.00     999.9
   1978    112   19.4    8.3      999.9   0.25     999.9
   1978    113   22.8    3.9      999.9   0.00     999.9
   1978    114   18.3   10.6      999.9   0.00     999.9
   1978    115   18.3    6.7      999.9   0.00     999.9
   1978    116   20.6    2.2      999.9   0.00     999.9
   1978    117   21.7    9.4      999.9   0.00     999.9
   1978    118   21.7   10.6      999.9   2.79     999.9
   1978    119   24.4   13.3      999.9   3.05     999.9
   1978    120   24.4   12.8      999.9   4.32     999.9
   1978    121   14.4    9.4      999.9   0.25     999.9
   1978    122   15.6    3.9      999.9   0.00     999.9
   1978    123   12.8    7.2      999.9   0.00     999.9
   1978    124   12.2    7.2      999.9   0.76     999.9
   1978    125   15.6    2.8      999.9   0.25     999.9
   1978    126   15.0    6.1      999.9   2.03     999.9
   1978    127   15.6    7.8      999.9  35.56     999.9
   1978    128   19.4    7.2      999.9   2.03     999.9
   1978    129   22.2    8.3      999.9   0.00     999.9
   1978    130   26.7    8.9      999.9   0.00     999.9
   1978    131   25.0   16.1      999.9   2.03     999.9
   1978    132   22.8   13.3      999.9   2.03     999.9
   1978    133   21.7    9.4      999.9  11.94     999.9
   1978    134   25.0    6.7      999.9   0.00     999.9
   1978    135   23.9    9.4      999.9   0.00     999.9
   1978    136   21.7    8.3      999.9   0.00     999.9
   1978    137   23.3   10.6      999.9   0.00     999.9
   1978    138   25.0   15.6      999.9   0.00     999.9
   1978    139   31.1   17.2      999.9   0.00     999.9
   1978    140   26.1   15.0      999.9   0.51     999.9
   1978    141   23.9   11.1      999.9   0.00     999.9
   1978    142   24.4   15.0      999.9   3.30     999.9
   1978    143   31.7   15.6      999.9  31.24     999.9
   1978    144   32.2   15.6      999.9   5.59     999.9
   1978    145   32.2   16.1      999.9   0.00     999.9
   1978    146   28.9   16.1      999.9  25.40     999.9
   1978    147   28.3   19.4      999.9   0.00     999.9
   1978    148   27.8   17.8      999.9   0.00     999.9
   1978    149   26.1   15.0      999.9   0.00     999.9
   1978    150   31.1   10.6      999.9   0.00     999.9
   1978    151   30.0   15.6      999.9   7.11     999.9
   1978    152   20.0   13.3      999.9   7.87     999.9
   1978    153   21.1   12.8      999.9   0.76     999.9
   1978    154   23.9   15.0      999.9   0.25     999.9
   1978    155   24.4   12.2      999.9   0.00     999.9
   1978    156   27.2   13.3      999.9   0.00     999.9
   1978    157   25.0   15.0      999.9   0.00     999.9
   1978    158   28.3   16.1      999.9   1.52     999.9
   1978    159   24.4    8.9      999.9   0.00     999.9
   1978    160   30.0   12.8      999.9   0.00     999.9
   1978    161   31.1   18.9      999.9   0.00     999.9
   1978    162   34.4   21.7      999.9   0.00     999.9
   1978    163   29.4   10.6      999.9   0.00     999.9
   1978    164   29.4   12.8      999.9   0.00     999.9
   1978    165   32.2   17.8      999.9   0.00     999.9
   1978    166   35.0   22.2      999.9   0.00     999.9
   1978    167   38.9   24.4      999.9   0.00     999.9
   1978    168   36.1   25.6      999.9   0.00     999.9
   1978    169   29.4   18.3      999.9   0.00     999.9
   1978    170   32.2   15.0      999.9   0.00     999.9
   1978    171   28.9   18.3      999.9  82.30     999.9
   1978    172   26.7   13.9      999.9   0.00     999.9
   1978    173   31.7   18.3      999.9   0.51     999.9
   1978    174   31.1   21.1      999.9   0.00     999.9
   1978    175   34.4   23.3      999.9   0.00     999.9
   1978    176   37.8   25.6      999.9   0.00     999.9
   1978    177   35.6   22.8      999.9   1.27     999.9
   1978    178   33.3   20.0      999.9   0.00     999.9
   1978    179   35.0   20.6      999.9  27.18     999.9
   1978    180   35.0   23.3      999.9   0.00     999.9
   1978    181   36.1   24.4      999.9   0.00     999.9
   1978    182   35.6   26.7      999.9   0.25     999.9
   1978    183   34.4   21.1      999.9   0.00     999.9
   1978    184   38.3   21.7      999.9   0.00     999.9
   1978    185   37.8   25.6      999.9   0.00     999.9
   1978    186   38.3   27.2      999.9   0.00     999.9
   1978    187   35.0   20.0      999.9   7.62     999.9
   1978    188   31.1   21.1      999.9   1.02     999.9
   1978    189   36.7   17.8      999.9   0.00     999.9
   1978    190   34.4   22.2      999.9   0.00     999.9
   1978    191   22.8   13.3      999.9  30.48     999.9
   1978    192   27.2   15.0      999.9   0.00     999.9
   1978    193   37.8   21.7      999.9   2.54     999.9
   1978    194   33.9   23.9      999.9   0.00     999.9
   1978    195   35.6   18.9      999.9  19.56     999.9
   1978    196   32.8   18.3      999.9   0.00     999.9
   1978    197   34.4   18.9      999.9   0.00     999.9
   1978    198   36.7   25.0      999.9   0.00     999.9
   1978    199   35.6   22.8      999.9   5.84     999.9
   1978    200   35.0   24.4      999.9   2.03     999.9
   1978    201   32.8   22.2      999.9   3.56     999.9
   1978    202   36.1   24.4      999.9   4.06     999.9
   1978    203   31.7   20.6      999.9   2.79     999.9
   1978    204   25.6   15.6      999.9   0.00     999.9
   1978    205   31.1   14.4      999.9   0.00     999.9
   1978    206   37.2   23.3      999.9   0.00     999.9
   1978    207   34.4   25.6      999.9   0.00     999.9
   1978    208   32.8   16.1      999.9   0.00     999.9
   1978    209   37.2   19.4      999.9   0.00     999.9
   1978    210   32.2   21.1      999.9   0.00     999.9
   1978    211   28.3   18.9      999.9   0.00     999.9
   1978    212   33.9   16.7      999.9   0.00     999.9
   1978    213   28.9   18.3      999.9  14.99     999.9
   1978    214   30.6   20.6      999.9   3.05     999.9
   1978    215   25.6   16.1      999.9   0.00     999.9
   1978    216   25.0   12.2      999.9   0.00     999.9
   1978    217   27.8   12.2      999.9   0.00     999.9
   1978    218   31.1   17.2      999.9   0.00     999.9
   1978    219   33.3   18.3      999.9   0.00     999.9
   1978    220   35.0   21.1      999.9   0.00     999.9
   1978    221   33.3   20.6      999.9   0.00     999.9
   1978    222   30.6   19.4      999.9   1.02     999.9
   1978    223   31.7   18.9      999.9   0.51     999.9
   1978    224   38.3   18.9      999.9   0.00     999.9
   1978    225   40.0   23.3      999.9   0.00     999.9
   1978    226   37.8   26.1      999.9   0.00     999.9
   1978    227   35.0   21.7      999.9   6.86     999.9
   1978    228   36.1   13.9      999.9   0.00     999.9
   1978    229   38.9   21.7      999.9   1.02     999.9
   1978    230   37.2   26.1      999.9   0.00     999.9
   1978    231   27.8   15.6      999.9   0.00     999.9
   1978    232   32.8   13.9      999.9   0.00     999.9
   1978    233   37.2   23.3      999.9   0.00     999.9
   1978    234   37.2   25.0      999.9   0.00     999.9
   1978    235   38.3   24.4      999.9   0.00     999.9
   1978    236   38.9   26.7      999.9   0.00     999.9
   1978    237   38.3   23.9      999.9   0.00     999.9
   1978    238   37.2   26.7      999.9   0.00     999.9
   1978    239   34.4   21.7      999.9   3.81     999.9
   1978    240   30.0   20.6      999.9   0.00     999.9
   1978    241   28.3   15.6      999.9   0.00     999.9
   1978    242   28.9   12.8      999.9   0.00     999.9
   1978    243   30.0   13.3      999.9   0.00     999.9
   1978    244   33.3   18.9      999.9   0.00     999.9
   1978    245   37.8   20.6      999.9   0.00     999.9
   1978    246   35.6   18.9      999.9   0.00     999.9
   1978    247   37.2   21.7      999.9   0.00     999.9
   1978    248   37.2   19.4      999.9   0.00     999.9
   1978    249   38.3   20.6      999.9   0.00     999.9
   1978    250   37.8   22.2      999.9   0.00     999.9
   1978    251   34.4   20.0      999.9   0.00     999.9
   1978    252   32.8   18.9      999.9   0.00     999.9
   1978    253   32.8   18.9      999.9   0.00     999.9
   1978    254   31.7   23.3      999.9   0.00     999.9
   1978    255   32.8   24.4      999.9   0.00     999.9
   1978    256   32.8   20.6      999.9   0.25     999.9
   1978    257   28.9   11.7      999.9   0.00     999.9
   1978    258   35.6   18.9      999.9   3.30     999.9
   1978    259   37.8   26.1      999.9   0.00     999.9
   1978    260   30.0   15.6      999.9   0.00     999.9
   1978    261   33.9   17.8      999.9  41.40     999.9
   1978    262   30.6   14.4      999.9   0.00     999.9
   1978    263   20.0   11.7      999.9  59.44     999.9
   1978    264   18.9    7.8      999.9  10.16     999.9
   1978    265   20.6    6.1      999.9   0.00     999.9
   1978    266   26.7    7.2      999.9   0.00     999.9
   1978    267   29.4   13.9      999.9   0.00     999.9
   1978    268   25.0   15.6      999.9   0.00     999.9
   1978    269   27.2    9.4      999.9   0.00     999.9
   1978    270   25.0   14.4      999.9   0.00     999.9
   1978    271   26.7    7.8      999.9   0.00     999.9
   1978    272   27.2   15.0      999.9   0.00     999.9
   1978    273   21.7   10.0      999.9   1.27     999.9
   1978    274   26.1    7.8      999.9   0.00     999.9
   1978    275   26.1   13.9      999.9   0.00     999.9
   1978    276   21.1    8.3      999.9   0.00     999.9
   1978    277   27.2    4.4      999.9   0.00     999.9
   1978    278   17.8    7.8      999.9   1.02     999.9
   1978    279   16.7    2.8      999.9   0.00     999.9
   1978    280   18.3    1.1      999.9   0.00     999.9
   1978    281   25.6    5.6      999.9   0.00     999.9
   1978    282   20.0   13.9      999.9   0.00     999.9
   1978    283   24.4    8.9      999.9   0.25     999.9
   1978    284   30.6    7.2      999.9   0.00     999.9
   1978    285   22.2    7.8      999.9   0.00     999.9
   1978    286   15.6    7.2      999.9   0.00     999.9
   1978    287   15.6    1.7      999.9   0.00     999.9
   1978    288   21.7    1.7      999.9   0.00     999.9
   1978    289   14.4    1.1      999.9   0.00     999.9
   1978    290   22.8    4.4      999.9   0.00     999.9
   1978    291   18.3    8.9      999.9   0.00     999.9
   1978    292   22.8    1.1      999.9   0.00     999.9
   1978    293   28.9    6.7      999.9   0.00     999.9
   1978    294   31.1   12.2      999.9   0.00     999.9
   1978    295   25.6    7.2      999.9   1.02     999.9
   1978    296   13.9    2.8      999.9   3.81     999.9
   1978    297   20.6    0.6      999.9   0.00     999.9
   1978    298   16.7    7.2      999.9   0.00     999.9
   1978    299   18.3   -0.6      999.9   0.00     999.9
   1978    300   21.1    5.6      999.9   0.00     999.9
   1978    301   21.7    2.2      999.9   0.00     999.9
   1978    302   24.4   11.1      999.9   0.00     999.9
   1978    303   25.6   12.2      999.9   0.00     999.9
   1978    304   18.9    7.2      999.9   0.00     999.9
   1978    305   20.6    3.3      999.9   0.00     999.9
   1978    306   27.2    7.2      999.9   0.00     999.9
   1978    307   27.2   18.3      999.9   0.00     999.9
   1978    308   27.8   11.7      999.9   0.00     999.9
   1978    309   21.7    6.7      999.9   0.00     999.9
   1978    310   11.7    2.8      999.9  13.72     999.9
   1978    311   15.6   -2.8      999.9   0.00     999.9
   1978    312   22.8    5.6      999.9   0.00     999.9
   1978    313   23.3    9.4      999.9   0.00     999.9
   1978    314   19.4    7.8      999.9   0.00     999.9
   1978    315   11.1    3.3      999.9   0.00     999.9
   1978    316   10.0    2.8      999.9   1.78     999.9
   1978    317   14.4    5.6      999.9   4.83     999.9
   1978    318    6.7   -1.7      999.9   0.00     999.9
   1978    319    3.3   -1.7      999.9   1.27     999.9
   1978    320    2.8    0.6      999.9   8.38     999.9
   1978    321    7.8    0.0      999.9  13.72     999.9
   1978    322   14.4   -2.2      999.9   0.00     999.9
   1978    323    0.6   -3.3      999.9   0.00     999.9
   1978    324   -2.2   -6.1      999.9   0.00     999.9
   1978    325   -4.4   -6.7      999.9   1.27     999.9
   1978    326    5.6   -4.4      999.9   0.25     999.9
   1978    327    8.9    1.1      999.9   3.30     999.9
   1978    328   11.1   -2.8      999.9   0.00     999.9
   1978    329    7.2    4.4      999.9   4.57     999.9
   1978    330    4.4   -1.1      999.9  19.56     999.9
   1978    331    3.3   -3.9      999.9   1.02     999.9
   1978    332   10.0   -7.2      999.9   0.00     999.9
   1978    333   11.7    2.2      999.9   0.00     999.9
   1978    334   14.4   -2.8      999.9   0.00     999.9
   1978    335   15.0    4.4      999.9   0.00     999.9
   1978    336    5.6   -3.9      999.9   0.00     999.9
   1978    337   -3.9  -10.6      999.9   1.02     999.9
   1978    338    7.8   -9.4      999.9   0.00     999.9
   1978    339    5.0   -1.7      999.9   0.00     999.9
   1978    340    0.6   -7.2      999.9   0.00     999.9
   1978    341   -7.2  -13.3      999.9   0.51     999.9
   1978    342   -5.6  -12.8      999.9   0.00     999.9
   1978    343   -5.6  -16.1      999.9   0.00     999.9
   1978    344    5.6   -9.4      999.9   0.00     999.9
   1978    345    7.2   -5.0      999.9   0.00     999.9
   1978    346   10.6    0.6      999.9   0.00     999.9
   1978    347    5.0   -3.9      999.9   0.00     999.9
   1978    348    8.9   -4.4      999.9   0.00     999.9
   1978    349   12.2   -1.1      999.9   0.00     999.9
   1978    350    7.8   -2.8      999.9   0.00     999.9
   1978    351    8.9   -7.8      999.9   0.00     999.9
   1978    352   12.8    4.4      999.9   0.00     999.9
   1978    353    8.3    2.8      999.9   0.00     999.9
   1978    354    2.8   -1.1      999.9   0.00     999.9
   1978    355    9.4   -5.6      999.9   0.00     999.9
   1978    356    9.4   -2.8      999.9   0.00     999.9
   1978    357   10.0   -3.9      999.9   0.00     999.9
   1978    358    2.8  -12.2      999.9   0.00     999.9
   1978    359    7.2   -3.9      999.9   0.00     999.9
   1978    360    4.4   -6.7      999.9   0.00     999.9
   1978    361    6.1   -7.2      999.9   0.00     999.9
   1978    362   11.7    0.6      999.9   0.00     999.9
   1978    363    8.9  -10.6      999.9   0.25     999.9
   1978    364  -10.6  -11.7      999.9   0.00     999.9
   1978    365  -11.1  -12.8      999.9   4.06     999.9
   1979      1  -12.8  -17.8      999.9  23.62     999.9
   1979      2   -8.9  -22.8      999.9   0.00     999.9
   1979      3   -5.6  -20.6      999.9   0.00     999.9
   1979      4  -10.6  -16.1      999.9   0.00     999.9
   1979      5  -11.7  -15.6      999.9   0.25     999.9
   1979      6   -6.1  -15.6      999.9   0.00     999.9
   1979      7   -7.8  -15.6      999.9   0.00     999.9
   1979      8   -5.6  -21.7      999.9   0.00     999.9
   1979      9   -4.4  -16.7      999.9   0.00     999.9
   1979     10   -6.7  -13.9      999.9   0.00     999.9
   1979     11   -3.9  -11.7      999.9   0.00     999.9
   1979     12    0.0   -3.9      999.9   0.00     999.9
   1979     13   -3.3  -18.3      999.9  23.62     999.9
   1979     14  -15.6  -22.8      999.9   4.06     999.9
   1979     15   -0.6  -21.7      999.9   0.00     999.9
   1979     16   -4.4  -12.2      999.9   0.00     999.9
   1979     17   -0.6  -15.0      999.9   0.00     999.9
   1979     18    1.1  -11.1      999.9   0.00     999.9
   1979     19    2.8   -1.1      999.9  18.80     999.9
   1979     20    0.6   -7.2      999.9   0.00     999.9
   1979     21    0.0   -6.7      999.9   0.00     999.9
   1979     22    6.1   -5.6      999.9   0.00     999.9
   1979     23    2.8   -9.4      999.9   0.51     999.9
   1979     24   -4.4  -17.2      999.9   0.00     999.9
   1979     25    2.2  -11.1      999.9   0.00     999.9
   1979     26    0.0   -5.6      999.9   5.33     999.9
   1979     27   -5.6  -10.6      999.9   0.51     999.9
   1979     28   -8.9  -16.7      999.9   0.00     999.9
   1979     29  -11.1  -21.1      999.9   0.00     999.9
   1979     30  -10.6  -15.0      999.9   2.54     999.9
   1979     31  -10.0  -22.8      999.9   1.52     999.9
   1979     32   -6.1  -26.1      999.9   0.00     999.9
   1979     33   -5.6  -11.7      999.9   0.00     999.9
   1979     34   -7.8  -21.1      999.9   0.00     999.9
   1979     35   -8.3  -20.6      999.9   0.00     999.9
   1979     36   -6.7  -24.4      999.9   0.00     999.9
   1979     37   -0.6  -12.2      999.9   0.00     999.9
   1979     38   -7.2  -20.0      999.9   0.00     999.9
   1979     39   -9.4  -15.6      999.9   0.25     999.9
   1979     40   -5.6  -23.3      999.9   0.00     999.9
   1979     41    1.1  -13.9      999.9   0.00     999.9
   1979     42    8.3  -10.0      999.9   0.00     999.9
   1979     43    1.1   -6.7      999.9   0.00     999.9
   1979     44   -0.6  -10.6      999.9   0.00     999.9
   1979     45    4.4   -4.4      999.9   0.00     999.9
   1979     46    2.2  -13.3      999.9   0.25     999.9
   1979     47  -13.3  -22.8      999.9   0.00     999.9
   1979     48  -11.1  -19.4      999.9   0.00     999.9
   1979     49   -2.8  -16.7      999.9   3.56     999.9
   1979     50    7.2  -13.9      999.9   0.00     999.9
   1979     51    4.4    0.0      999.9   0.00     999.9
   1979     52    4.4   -3.3      999.9   1.78     999.9
   1979     53   10.6    0.6      999.9   0.00     999.9
   1979     54    8.9   -5.6      999.9   0.51     999.9
   1979     55    0.0   -8.9      999.9   0.00     999.9
   1979     56    2.2  -10.0      999.9   0.00     999.9
   1979     57    9.4   -7.8      999.9   0.00     999.9
   1979     58   12.8    0.0      999.9   0.00     999.9
   1979     59    8.9    0.6      999.9   0.51     999.9
   1979     60    5.0   -0.6      999.9   0.00     999.9
   1979     61   15.6    2.8      999.9   0.00     999.9
   1979     62    9.4   -4.4      999.9  30.99     999.9
   1979     63    2.8   -5.0      999.9   2.03     999.9
   1979     64   10.0   -3.3      999.9   0.00     999.9
   1979     65   15.0   -1.1      999.9   0.00     999.9
   1979     66    8.9    0.6      999.9   0.00     999.9
   1979     67    8.9   -2.2      999.9   0.00     999.9
   1979     68    8.3    0.6      999.9   7.37     999.9
   1979     69    5.6   -5.0      999.9   1.27     999.9
   1979     70   19.4   -4.4      999.9   0.00     999.9
   1979     71   22.2   -0.6      999.9   0.00     999.9
   1979     72   16.1    5.6      999.9   0.00     999.9
   1979     73   15.6   -2.8      999.9   0.00     999.9
   1979     74    6.7   -6.7      999.9   0.00     999.9
   1979     75   13.3    2.2      999.9   0.00     999.9
   1979     76   13.3    6.7      999.9   0.00     999.9
   1979     77   19.4   12.8      999.9  25.40     999.9
   1979     78   16.1    1.7      999.9   4.57     999.9
   1979     79   13.9    0.0      999.9   0.00     999.9
   1979     80   17.2    6.1      999.9   1.02     999.9
   1979     81   16.7   10.0      999.9   3.30     999.9
   1979     82   13.3    0.0      999.9  25.91     999.9
   1979     83    6.1   -3.3      999.9   7.62     999.9
   1979     84   10.6   -5.0      999.9   0.00     999.9
   1979     85    6.7    1.1      999.9   0.00     999.9
   1979     86   10.6   -3.3      999.9   1.02     999.9
   1979     87   24.4    7.2      999.9   0.00     999.9
   1979     88   26.1   16.1      999.9   0.00     999.9
   1979     89   21.1    5.0      999.9   0.00     999.9
   1979     90    8.3    2.2      999.9   0.00     999.9
   1979     91    6.1    2.2      999.9   4.57     999.9
   1979     92    5.0    1.1      999.9   1.02     999.9
   1979     93    2.8    1.7      999.9   0.00     999.9
   1979     94   11.7    1.1      999.9   3.05     999.9
   1979     95   20.0    3.3      999.9   0.00     999.9
   1979     96   10.0   -4.4      999.9   0.00     999.9
   1979     97   25.6   -1.7      999.9   0.00     999.9
   1979     98   22.8    6.7      999.9   8.13     999.9
   1979     99   11.1   -2.2      999.9   0.00     999.9
   1979    100   11.1    3.3      999.9   1.02     999.9
   1979    101   18.3    8.9      999.9   8.38     999.9
   1979    102   16.1    5.0      999.9   1.02     999.9
   1979    103   19.4    1.7      999.9   0.00     999.9
   1979    104   21.1   10.0      999.9   0.00     999.9
   1979    105   26.1    6.7      999.9   0.00     999.9
   1979    106   27.8   10.6      999.9   0.00     999.9
   1979    107   27.2   15.0      999.9   1.27     999.9
   1979    108   23.9   13.9      999.9   0.00     999.9
   1979    109   24.4   14.4      999.9   0.25     999.9
   1979    110   22.2   11.1      999.9   0.00     999.9
   1979    111   19.4    3.9      999.9   4.83     999.9
   1979    112   23.9    5.0      999.9   0.00     999.9
   1979    113   21.7    4.4      999.9   0.00     999.9
   1979    114   23.3   13.3      999.9   0.00     999.9
   1979    115   21.1    9.4      999.9   0.51     999.9
   1979    116   19.4    1.1      999.9   0.51     999.9
   1979    117   13.3    5.0      999.9   1.52     999.9
   1979    118   17.8   -1.1      999.9   0.00     999.9
   1979    119   16.1    5.6      999.9   8.89     999.9
   1979    120   16.1    4.4      999.9   2.29     999.9
   1979    121   23.9    6.1      999.9   4.57     999.9
   1979    122   18.3   10.0      999.9   6.86     999.9
   1979    123   10.6    5.0      999.9   6.86     999.9
   1979    124   18.3    5.0      999.9   0.00     999.9
   1979    125   22.8    6.7      999.9   0.00     999.9
   1979    126   29.4   13.9      999.9   0.00     999.9
   1979    127   27.2   16.7      999.9   0.00     999.9
   1979    128   29.4   18.9      999.9   0.00     999.9
   1979    129   27.2   20.0      999.9   0.00     999.9
   1979    130   22.2    7.2      999.9   7.87     999.9
   1979    131   17.2    2.2      999.9  17.02     999.9
   1979    132   22.2    3.3      999.9   0.00     999.9
   1979    133   23.3    7.8      999.9   0.25     999.9
   1979    134   22.8    8.3      999.9   5.84     999.9
   1979    135   23.9   11.1      999.9   0.00     999.9
   1979    136   30.0   13.9      999.9   0.00     999.9
   1979    137   28.3   18.9      999.9   0.00     999.9
   1979    138   23.9   16.7      999.9   2.29     999.9
   1979    139   22.2   13.3      999.9   9.14     999.9
   1979    140   22.8   14.4      999.9   8.64     999.9
   1979    141   22.2   10.0      999.9   0.00     999.9
   1979    142   26.1    7.8      999.9   0.00     999.9
   1979    143   23.9   11.1      999.9   0.00     999.9
   1979    144   21.1    5.0      999.9   0.00     999.9
   1979    145   23.9    5.6      999.9   0.00     999.9
   1979    146   27.2   11.1      999.9   0.00     999.9
   1979    147   27.8   11.1      999.9   0.25     999.9
   1979    148   30.6   13.3      999.9   0.00     999.9
   1979    149   30.0   16.1      999.9   0.00     999.9
   1979    150   27.8   16.1      999.9   0.00     999.9
   1979    151   22.2   12.8      999.9   0.00     999.9
   1979    152   22.8    7.8      999.9   0.00     999.9
   1979    153   27.2    8.3      999.9   0.00     999.9
   1979    154   28.9   11.7      999.9   0.00     999.9
   1979    155   33.9   17.2      999.9   0.00     999.9
   1979    156   32.2   16.7      999.9   0.00     999.9
   1979    157   28.9   17.2      999.9   0.00     999.9
   1979    158   29.4   19.4      999.9   0.00     999.9
   1979    159   25.6   13.9      999.9  10.41     999.9
   1979    160   18.9   13.9      999.9   2.54     999.9
   1979    161   26.1    8.9      999.9   2.03     999.9
   1979    162   28.3   10.0      999.9   0.00     999.9
   1979    163   31.1   16.7      999.9   0.00     999.9
   1979    164   34.4   18.3      999.9   0.00     999.9
   1979    165   34.4   18.9      999.9   0.00     999.9
   1979    166   33.9   22.2      999.9   0.00     999.9
   1979    167   34.4   22.2      999.9   0.51     999.9
   1979    168   30.6   20.6      999.9   1.02     999.9
   1979    169   32.2   22.2      999.9   1.02     999.9
   1979    170   28.9   19.4      999.9   0.00     999.9
   1979    171   32.2   13.3      999.9   1.78     999.9
   1979    172   36.7   14.4      999.9   0.00     999.9
   1979    173   32.2   17.2      999.9  20.83     999.9
   1979    174   26.7   18.9      999.9   7.37     999.9
   1979    175   23.3   16.7      999.9  13.97     999.9
   1979    176   26.1   16.1      999.9   0.00     999.9
   1979    177   30.0   17.2      999.9   0.51     999.9
   1979    178   32.8   22.2      999.9   0.00     999.9
   1979    179   29.4   18.9      999.9  16.51     999.9
   1979    180   30.0   18.3      999.9   0.00     999.9
   1979    181   28.3   17.2      999.9   0.00     999.9
   1979    182   26.7   19.4      999.9   0.00     999.9
   1979    183   32.2   20.6      999.9   0.00     999.9
   1979    184   36.1   24.4      999.9   0.00     999.9
   1979    185   33.3   23.3      999.9   0.00     999.9
   1979    186   23.3   16.1      999.9  45.97     999.9
   1979    187   18.9   15.6      999.9   3.05     999.9
   1979    188   25.0   17.2      999.9   1.27     999.9
   1979    189   28.9   17.2      999.9   0.00     999.9
   1979    190   30.0   20.0      999.9   0.00     999.9
   1979    191   32.8   21.1      999.9   0.00     999.9
   1979    192   33.9   22.2      999.9   0.00     999.9
   1979    193   34.4   23.3      999.9   0.00     999.9
   1979    194   36.7   23.9      999.9   0.00     999.9
   1979    195   34.4   23.9      999.9   0.00     999.9
   1979    196   31.7   18.9      999.9  30.99     999.9
   1979    197   27.2   20.6      999.9   8.64     999.9
   1979    198   25.6   18.3      999.9  20.32     999.9
   1979    199   28.3   17.8      999.9   0.51     999.9
   1979    200   28.3   16.1      999.9   0.00     999.9
   1979    201   30.6   17.8      999.9   0.00     999.9
   1979    202   31.1   20.0      999.9   0.00     999.9
   1979    203   32.2   21.7      999.9   0.00     999.9
   1979    204   28.3   21.1      999.9   0.00     999.9
   1979    205   32.2   22.8      999.9  21.34     999.9
   1979    206   30.0   20.6      999.9   7.11     999.9
   1979    207   31.7   19.4      999.9   0.00     999.9
   1979    208   32.2   21.1      999.9   0.00     999.9
   1979    209   34.4   21.7      999.9   0.00     999.9
   1979    210   33.9   23.3      999.9   0.00     999.9
   1979    211   32.2   23.3      999.9   1.27     999.9
   1979    212   28.9   21.1      999.9   0.51     999.9
   1979    213   29.4   15.6      999.9   0.00     999.9
   1979    214   31.7   20.6      999.9   0.00     999.9
   1979    215   34.4   20.0      999.9   0.00     999.9
   1979    216   35.0   23.3      999.9   0.00     999.9
   1979    217   36.1   23.9      999.9   0.00     999.9
   1979    218   36.1   25.0      999.9   0.00     999.9
   1979    219   36.7   25.0      999.9   0.00     999.9
   1979    220   35.6   23.9      999.9   0.00     999.9
   1979    221   35.0   24.4      999.9   0.00     999.9
   1979    222   30.6   19.4      999.9   0.00     999.9
   1979    223   25.6   14.4      999.9  15.75     999.9
   1979    224   28.3   15.0      999.9   0.00     999.9
   1979    225   33.9   18.3      999.9   0.00     999.9
   1979    226   26.1   13.9      999.9   0.00     999.9
   1979    227   17.8   12.8      999.9  23.88     999.9
   1979    228   26.1   15.6      999.9   0.00     999.9
   1979    229   34.4   23.3      999.9   0.00     999.9
   1979    230   35.0   23.9      999.9   0.00     999.9
   1979    231   34.4   22.2      999.9   0.00     999.9
   1979    232   32.2   21.1      999.9   0.51     999.9
   1979    233   30.6   19.4      999.9   2.03     999.9
   1979    234   32.2   19.4      999.9   0.00     999.9
   1979    235   28.3   16.7      999.9   0.00     999.9
   1979    236   30.6   13.9      999.9   0.00     999.9
   1979    237   28.9   17.8      999.9   0.00     999.9
   1979    238   27.2   17.2      999.9  31.75     999.9
   1979    239   26.1   16.1      999.9   0.00     999.9
   1979    240   33.9   18.3      999.9   0.00     999.9
   1979    241   32.2   18.9      999.9   0.25     999.9
   1979    242   35.0   22.2      999.9   0.00     999.9
   1979    243   32.8   24.4      999.9   0.00     999.9
   1979    244   27.8   21.1      999.9   0.00     999.9
   1979    245   32.8   17.2      999.9   0.00     999.9
   1979    246   32.8   18.9      999.9   0.00     999.9
   1979    247   33.3   20.6      999.9   0.00     999.9
   1979    248   35.0   21.1      999.9   0.00     999.9
   1979    249   30.0   19.4      999.9  28.19     999.9
   1979    250   26.1   13.3      999.9   0.00     999.9
   1979    251   28.3   13.9      999.9   0.00     999.9
   1979    252   31.1   16.7      999.9   0.00     999.9
   1979    253   32.2   18.3      999.9   0.00     999.9
   1979    254   31.1   13.9      999.9   0.00     999.9
   1979    255   30.0   16.1      999.9   0.00     999.9
   1979    256   21.7   12.2      999.9   3.81     999.9
   1979    257   21.7    6.1      999.9   0.00     999.9
   1979    258   25.0    4.4      999.9   0.00     999.9
   1979    259   27.2    8.3      999.9   0.00     999.9
   1979    260   28.3    9.4      999.9   0.00     999.9
   1979    261   28.9   11.1      999.9   0.00     999.9
   1979    262   28.3    8.9      999.9   0.00     999.9
   1979    263   27.8   13.3      999.9   0.00     999.9
   1979    264   23.3   11.1      999.9   0.00     999.9
   1979    265   25.6    4.4      999.9   0.00     999.9
   1979    266   30.6   13.3      999.9   0.00     999.9
   1979    267   27.8   17.8      999.9   0.00     999.9
   1979    268   28.9   13.3      999.9   0.00     999.9
   1979    269   31.1    8.9      999.9   0.00     999.9
   1979    270   32.2   20.6      999.9   0.00     999.9
   1979    271   30.6   13.3      999.9   0.00     999.9
   1979    272   32.8   11.1      999.9   0.00     999.9
   1979    273   32.2   15.6      999.9   0.00     999.9
   1979    274   27.2   19.4      999.9   0.00     999.9
   1979    275   27.8    5.0      999.9   0.00     999.9
   1979    276   21.7   13.3      999.9   0.00     999.9
   1979    277   18.3    5.6      999.9   0.00     999.9
   1979    278   24.4    1.1      999.9   0.00     999.9
   1979    279   23.9   11.1      999.9   0.00     999.9
   1979    280   30.0    6.7      999.9   0.00     999.9
   1979    281   32.2   10.6      999.9   0.00     999.9
   1979    282   17.8    7.8      999.9   0.00     999.9
   1979    283   22.8    1.1      999.9   0.00     999.9
   1979    284   30.6   11.1      999.9   0.00     999.9
   1979    285   21.7   10.0      999.9   0.00     999.9
   1979    286   12.8   -1.1      999.9   0.00     999.9
   1979    287   22.2    2.2      999.9   0.00     999.9
   1979    288   25.6   12.8      999.9   0.00     999.9
   1979    289   26.7   15.0      999.9   0.00     999.9
   1979    290   23.9   14.4      999.9   0.25     999.9
   1979    291   23.3   11.7      999.9   0.00     999.9
   1979    292   27.8   12.8      999.9  38.61     999.9
   1979    293   30.0   21.1      999.9   0.00     999.9
   1979    294   29.4   11.1      999.9   0.00     999.9
   1979    295   11.1    2.2      999.9  30.99     999.9
   1979    296   15.0    0.0      999.9   3.05     999.9
   1979    297   18.9    2.8      999.9   0.00     999.9
   1979    298   20.6    2.8      999.9   0.00     999.9
   1979    299   25.0    6.1      999.9   0.00     999.9
   1979    300   21.1   10.0      999.9   0.00     999.9
   1979    301   21.1    1.7      999.9   0.00     999.9
   1979    302   22.2    4.4      999.9   0.00     999.9
   1979    303   18.3   12.8      999.9  21.34     999.9
   1979    304   16.7    6.7      999.9  56.90     999.9
   1979    305   10.6    1.7      999.9   0.00     999.9
   1979    306   13.3   -3.9      999.9   0.00     999.9
   1979    307   15.0   -2.8      999.9   0.00     999.9
   1979    308   18.3    6.7      999.9   0.00     999.9
   1979    309   13.9    3.9      999.9   0.51     999.9
   1979    310    5.0   -1.1      999.9   0.00     999.9
   1979    311    5.0   -3.9      999.9   0.00     999.9
   1979    312    6.1   -1.7      999.9   0.00     999.9
   1979    313    5.6    0.0      999.9   0.00     999.9
   1979    314    4.4   -7.2      999.9   0.00     999.9
   1979    315    8.9   -1.1      999.9   0.00     999.9
   1979    316    8.3    1.7      999.9   2.79     999.9
   1979    317   12.2   -6.1      999.9   0.00     999.9
   1979    318   13.9   -4.4      999.9   0.00     999.9
   1979    319   17.2    2.2      999.9   0.00     999.9
   1979    320   19.4   -1.7      999.9   0.00     999.9
   1979    321   21.1    4.4      999.9   0.00     999.9
   1979    322   17.8   12.2      999.9   0.00     999.9
   1979    323   18.3    5.6      999.9   0.00     999.9
   1979    324   10.6    3.9      999.9  11.18     999.9
   1979    325   11.1    5.6      999.9  21.59     999.9
   1979    326    5.6    0.0      999.9   0.25     999.9
   1979    327    7.2   -6.1      999.9   0.00     999.9
   1979    328   10.0   -3.3      999.9   0.00     999.9
   1979    329   10.0   -2.8      999.9   0.00     999.9
   1979    330   10.0   -1.1      999.9   0.00     999.9
   1979    331    8.9    2.2      999.9   0.76     999.9
   1979    332    3.3   -5.6      999.9   0.00     999.9
   1979    333    0.0   -6.1      999.9   0.00     999.9
   1979    334    4.4   -8.3      999.9   0.00     999.9
   1979    335    0.0   -7.2      999.9   0.00     999.9
   1979    336    4.4  -10.6      999.9   0.00     999.9
   1979    337   10.6   -1.1      999.9   0.00     999.9
   1979    338   18.9   -2.8      999.9   0.00     999.9
   1979    339   12.8    5.0      999.9   0.00     999.9
   1979    340   13.9   -1.7      999.9   0.00     999.9
   1979    341   11.1   -0.6      999.9   0.00     999.9
   1979    342    3.3   -2.2      999.9   0.00     999.9
   1979    343   14.4   -3.3      999.9   0.00     999.9
   1979    344   18.3    4.4      999.9   0.00     999.9
   1979    345   15.6   -5.0      999.9   0.00     999.9
   1979    346   -3.3   -8.9      999.9   0.00     999.9
   1979    347    7.8  -10.0      999.9   0.00     999.9
   1979    348    8.9  -10.6      999.9   0.00     999.9
   1979    349   11.1    1.1      999.9   0.00     999.9
   1979    350    5.6  -13.9      999.9   0.00     999.9
   1979    351    2.2  -16.7      999.9   0.00     999.9
   1979    352   13.9   -3.3      999.9   0.00     999.9
   1979    353   16.7   -4.4      999.9   0.00     999.9
   1979    354   14.4   -3.9      999.9   0.00     999.9
   1979    355   15.6   -3.9      999.9   0.00     999.9
   1979    356   16.7   -0.6      999.9   0.25     999.9
   1979    357    5.6    1.1      999.9   0.00     999.9
   1979    358    4.4   -1.1      999.9   0.00     999.9
   1979    359    6.7   -5.0      999.9   0.00     999.9
   1979    360   10.0   -3.9      999.9   0.00     999.9
   1979    361   10.0    2.2      999.9   0.00     999.9
   1979    362    5.6   -0.6      999.9   0.00     999.9
   1979    363    2.2   -0.6      999.9   0.51     999.9
   1979    364    5.6    0.0      999.9   0.00     999.9
   1979    365    8.3   -3.9      999.9   0.00     999.9
