1978   283         23.9          4.7         15.8        .0           999.9   15.1
1978   284         25.6          5.6         15.0        .0            16.4
1978   285         18.7          6.3         15.4        .0            14.6
1978   286         15.0          4.3         15.3        .0            12.1
1978   287         14.0          1.4         15.2        .0             9.7
1978   288         19.6          2.3         15.1        .0            10.6
1978   289         15.1          -.3         15.0        .0             9.6
1978   290         24.6          2.7         14.7        .0            12.0
1978   291         18.4          6.7         13.6        .0            13.4
1978   292         24.4          1.4         14.6        .0            13.3
1978   293         31.2          9.2         14.6        .0            16.2
1978   294         24.3         11.5         11.0        .0            16.6
1978   295         13.4          4.4          1.2       7.6            11.6
1978   296         12.6           .0         15.2       2.5             8.2
1978   297         21.9          3.1         13.9        .0            10.7
1978   298         13.6           .8          7.4        .0             8.7
1978   299         17.1         -1.3         14.5        .0             8.5
1978   300         19.0          3.6         14.1        .0            10.1
1978   301         24.0          4.1         14.0        .0            11.3
1978   302         24.8          7.9         13.7        .0            13.8
1978   303         19.6          9.3         13.0        .0            14.1
1978   304         11.1          2.8          6.2        .0             9.5
1978   305         19.3          1.5         13.1        .0             9.0
1978   306         25.7          7.4         12.1        .0            14.2
1978   307         23.2         11.2          8.8       2.5            15.0
1978   308         26.0          5.2         11.7       2.5            14.4
1978   309         16.0          2.7          2.4        .0            11.3
1978   310         11.3          2.2         12.0       5.1             8.0
1978   311         14.7           .1         12.3       5.1             7.4
1978   312         22.7          2.9         11.8       2.5            10.4
1978   313         21.7          6.4         11.9       7.6            12.5
1978   314          8.0         -1.2          6.8        .0             8.5
1978   315          -.7         -2.3          1.7      25.4              .4
1978   316          7.1         -1.6          1.4        .0             1.4
1978   317          7.8         -4.0         11.7        .0             7.7
1978   318           .7         -6.4          5.7        .0             3.1
1978   319           .7         -2.2          2.3        .0             3.7
1978   320           .3         -2.3          2.1        .0             2.0
1978   321          9.3           .2         11.0       5.1             3.3
1978   322          7.0         -2.1         10.9        .0             2.5
1978   323         -3.0         -4.6          1.8        .0            -2.3
1978   324         -4.7         -5.9          1.8        .0            -3.8
1978   325         -3.1         -5.4          1.7       2.5            -3.0
1978   326           .8         -2.8          1.5        .0              .1
1978   327          2.9          -.1          7.8        .0              .9
1978   328          6.6           .0          6.8       5.1             2.8
1978   329         10.5          3.6           .9      15.2             4.5
1978   330         13.3         -1.6          1.8        .0             5.5
1978   331          5.3         -2.4          8.3        .0             3.4
1978   332          6.7         -4.5          8.9        .0             1.2
1978   333         14.3           .5          9.9        .0             3.8
1978   334         11.0           .0          8.3        .0             3.9
1978   335          1.8         -2.6          2.9       2.5             1.2
1978   336         -2.9         -9.3          1.3        .0            -3.7
1978   337         -2.5        -10.1          7.8        .0            -4.7
1978   338          7.5        -10.5          9.6        .0            -1.0
1978   339          2.2         -4.1          4.1        .0              .5
1978   340         -3.2        -12.0          5.8        .0            -5.6
1978   341         -9.6        -14.1          6.5        .0            -9.8
1978   342         -5.0        -16.5          9.8        .0            -9.3
1978   343         -2.5        -15.6          9.5        .0            -7.7
1978   344          5.1         -8.7          5.4        .0            -1.8
1978   345          6.8         -6.6          9.3        .0              .6
1978   346         12.7         -3.8          9.1        .0             2.7
1978   347          6.1         -5.4          9.2        .0              .1
1978   348         10.9         -7.6          9.5        .0             1.5
1978   349         10.5         -5.6          8.6        .0             2.2
1978   350          5.3         -6.4          9.5        .0             -.2
1978   351          8.1         -7.3          7.8        .0              .7
1978   352         13.0           .0          7.9        .0             3.3
1978   353          8.5         -1.1          5.4        .0             1.7
1978   354          3.1         -4.3          9.0        .0             -.4
1978   355          9.4         -5.7          9.2        .0             1.2
1978   356          9.3         -5.0          9.3        .0             1.3
1978   357          7.7         -9.1          5.7        .0            -1.5
1978   358          5.1        -13.1          9.1        .0            -3.3
1978   359          6.0         -7.4          9.3        .0             -.1
1978   360          5.0         -8.1          9.4        .0            -3.1
1978   361          6.6         -7.1          7.2        .0              .2
1978   362          9.1         -4.0          8.4        .0             2.1
1978   363         -6.3         -9.3          2.6        .0            -2.3
1978   364         -9.2        -10.6          2.6       2.5            -6.9
1978   365        -12.1        -12.1          2.6        .0            -9.8
1979     1        -11.9        -16.8          9.1        .0           -12.0
1979     2         -6.4        -17.7          9.5        .0           -11.8
1979     3         -1.4        -13.0          7.6        .0            -8.2
1979     4         -7.7        -12.4          4.7        .0            -9.1
1979     5         -6.5        -10.6          6.0        .0            -8.4
1979     6         -2.3         -9.6          8.1        .0            -6.3
1979     7         -3.6        -13.0         10.3        .0            -8.8
1979     8         -2.6        -15.1         10.4        .0            -9.5
1979     9         -3.4        -14.9          9.9        .0            -7.9
1979    10         -2.0        -10.8          6.2        .0            -7.1
1979    11         -3.8         -9.4          4.2        .0            -6.1
1979    12           .0         -8.1          2.1       2.5            -2.9
1979    13         -7.8        -12.2          8.2       2.5            -9.5
1979    14         -9.0        -13.1         10.6        .0           -10.7
1979    15         -3.9        -11.6          8.3        .0            -7.9
1979    16         -5.4        -11.0          6.8        .0            -7.4
1979    17          -.6         -7.9         11.0        .0            -4.9
1979    18           .1         -6.0          2.6        .0            -2.5
1979    19          1.2         -1.7         11.6       2.5             -.2
1979    20           .0         -3.6          4.2        .0            -1.1
1979    21          1.2         -4.9         11.4       2.5            -1.4
1979    22          3.9         -4.8          9.2        .0             -.8
1979    23         -3.2         -9.7         11.4        .0            -5.0
1979    24         -1.1        -11.5         10.9        .0            -6.3
1979    25           .0         -6.6          5.1        .0            -2.8
1979    26         -1.2         -6.7          8.0       5.1            -3.9
1979    27         -4.8         -9.4         11.8        .0            -6.7
1979    28         -6.2        -11.6         12.3        .0            -9.0
1979    29         -7.6        -12.8          7.6        .0            -9.4
1979    30         -7.3        -11.5         11.1       2.5            -8.5
1979    31         -8.0        -14.5         13.0        .0           -11.0
1979    32         -5.6        -14.2         12.3        .0            -9.1
1979    33         -6.4        -13.2         13.1        .0            -9.5
1979    34         -4.0        -14.3         13.4        .0            -9.5
1979    35         -9.4        -14.2         11.6        .0           -11.0
1979    36         -6.2        -15.3         13.7        .0           -10.7
1979    37          1.6        -14.2          7.7        .0            -6.4
1979    38         -6.2        -13.1         10.6        .0            -8.8
1979    39         -5.9        -13.4         12.0        .0            -9.3
1979    40         -2.7        -14.1         12.5        .0            -8.5
1979    41          1.0         -9.8         13.4        .0            -4.2
1979    42           .7         -4.5         10.7        .0            -1.7
1979    43          -.6         -7.9         10.9        .0            -3.9
1979    44          -.2         -4.2          4.5        .0            -2.0
1979    45          1.6         -1.0          6.4        .0             -.1
1979    46           .0        -16.3         13.7        .0            -6.9
1979    47         -8.4        -19.1         14.7        .0           -14.4
1979    48         -9.8        -16.0          9.0        .0           -11.9
1979    49         -4.8        -13.0         15.6        .0            -8.7
1979    50          3.9         -7.4         15.0        .0            -1.9
1979    51          1.4         -1.3          4.3        .0              .2
1979    52          3.4         -5.0         12.8        .0             -.3
1979    53          7.8         -1.9          7.8       2.5             2.2
1979    54           .6         -5.6         15.6        .0            -1.4
1979    55           .2         -7.6         15.9        .0            -1.7
1979    56          5.5         -7.7         16.2        .0            -1.2
1979    57          7.8         -4.7         14.0        .0             1.1
1979    58         10.0          -.5         13.7       2.5             4.0
1979    59          3.6          -.9          5.5       2.5             3.5
1979    60          5.7          -.6          3.8       2.5             3.2
1979    61         11.0          1.5          5.9      12.7             5.4
1979    62          2.7         -5.6          6.2       5.1             2.6
1979    63          3.4         -6.5         12.8        .0              .2
1979    64          8.8         -5.6         15.5        .0             1.2
1979    65         10.9          -.3         14.9        .0             4.2
1979    66          7.3          -.1         15.2        .0             4.9
1979    67          6.7         -1.4         11.6       2.5             4.1
1979    68          8.2         -1.0         15.4        .0             4.2
1979    69          9.9         -4.8         17.7        .0             3.8
1979    70         18.3         -2.6         17.8        .0             6.4
1979    71         16.3          -.6         17.7        .0             8.3
1979    72         14.4          1.7         17.5        .0             8.9
1979    73         12.6         -2.9         22.5        .0             7.2
1979    74          9.0         -5.4         18.2       2.5             4.4
1979    75         11.3           .7          5.2        .0             5.3
1979    76         14.2          4.2          3.4       2.5             8.3
1979    77         16.7          6.8         12.8      33.0            11.1
1979    78         10.5           .1         20.0        .0             8.9
1979    79         11.7          -.9         19.8       2.5             6.8
1979    80         10.1          2.5          4.1       5.1             6.8
1979    81         10.1          4.7          2.4      55.9             7.7
1979    82          4.6          2.1         13.3        .0             6.0
1979    83          6.8         -2.2         22.9        .0             4.0
1979    84         11.9         -3.1         21.8        .0             4.4
1979    85          5.3         -2.4         12.2        .0             3.5
1979    86          7.8           .0         14.4        .0             3.2
1979    87         25.7          3.3         21.8        .0            13.5
1979    88         26.0          7.5         20.3        .0            15.7
1979    89         12.6          3.5          8.1       2.5            12.6
1979    90          8.3         -2.0         14.6        .0             7.1
1979    91          2.9           .1         11.0       5.1             1.2
1979    92          6.4          -.5         17.3        .0             1.8
1979    93          2.9         -1.4          7.1        .0              .7
1979    94         16.4           .0         23.3        .0             6.1
1979    95         16.9           .9         23.1        .0             6.9
1979    96          6.1         -3.4         14.9        .0             4.3
1979    97         23.0         -1.5         24.5        .0             6.5
1979    98         15.8          4.4         20.8        .0             8.5
1979    99         16.4         -4.4         24.8        .0             7.5
1979   100          8.0          2.4          3.6      12.7             5.7
1979   101         19.3          3.2          9.9       2.5            10.2
1979   102         11.0          2.2         12.7        .0             6.6
1979   103         20.0          -.7         20.6        .0             9.3
1979   104         19.9          3.2         22.9        .0             9.2
1979   105         26.4          5.1         25.0        .0            16.8
1979   106         26.8          8.8         21.2       2.5            14.5
1979   107         25.0         12.9         15.0        .0            15.9
1979   108         19.5         13.5         16.9        .0            15.3
1979   109         24.1         12.9         12.2       2.5            15.6
1979   110         18.4          8.2         20.3        .0            13.6
1979   111         19.5          3.7         25.9        .0            11.3
1979   112         26.6          4.6         26.5        .0            14.9
1979   113         28.4          6.9         25.2        .0            16.6
1979   114         22.3          7.7         13.4        .0            17.2
1979   115         15.8          4.8         13.9        .0            13.0
1979   116         18.7          1.5         21.7        .0            13.1
1979   117         12.2          3.1         21.3        .0            11.8
1979   118         16.7          2.0         15.0       7.6             9.8
1979   119         17.4         -3.6         25.3        .0            11.2
1979   120         12.8          5.4         22.0        .0            12.6
1979   121         21.9          4.5         19.7       7.6            14.6
1979   122         14.1          7.8          3.8        .0            11.7
1979   123         10.4          2.2         21.0        .0            10.0
1979   124         17.9          -.4         28.5        .0            13.6
1979   125         23.7          5.9         26.4        .0            15.9
1979   126         28.2         11.0         23.9        .0            18.7
1979   127         22.9         13.0         24.0        .0            21.0
1979   128         18.2         10.9         13.1       2.5            17.7
1979   129         14.0          3.7          3.4       5.1            11.5
1979   130          7.7          1.0         11.4        .0             7.6
1979   131         17.0         -1.8         28.4        .0            12.6
1979   132         18.9          6.3         26.2        .0            16.0
1979   133         23.8          5.1         27.4       2.5            18.4
1979   134         22.3          7.3         26.7        .0            12.8
1979   135         22.9         10.4         24.0        .0            13.9
1979   136         29.6         10.1         24.6        .0            15.9
1979   137         27.6         13.2         24.0       2.5            17.4
1979   138         23.6         11.8         14.3        .0            19.5
1979   139         19.5          9.9         11.1      10.2            14.3
1979   140         20.9          9.9         25.2        .0            13.5
1979   141         20.9          7.1         25.5        .0            12.8
1979   142         25.9          8.1         26.3        .0            13.9
1979   143         18.8          8.0         25.8        .0            13.0
1979   144         21.6          4.8         25.1        .0            12.0
1979   145         23.3          6.5         26.5        .0            12.4
1979   146         27.1          8.8         26.6        .0            14.4
1979   147         28.2         10.5         26.6        .0            16.1
1979   148         29.6         12.3         20.4        .0            17.6
1979   149         28.2         14.6         24.0       2.5            18.4
1979   150         21.8         12.8         23.8        .0            16.7
1979   151         20.4          9.6         25.6        .0            14.4
1979   152         22.8          6.4         26.9        .0            13.2
1979   153         26.1          7.4         26.9        .0            13.9
1979   154         29.1         11.7         26.9        .0            24.6
1979   155         32.2         15.5         25.8        .0            27.0
1979   156         33.7         11.4         26.4        .0            26.4
1979   157         30.1         14.5         22.3        .0            26.9
1979   158         28.4         16.4          7.4       5.1            27.7
1979   159         16.0         10.6          7.8        .0            17.6
1979   160         14.1          9.6         27.1        .0            14.8
1979   161         24.6          6.8         27.1        .0            19.2
1979   162         28.6         11.5         26.7        .0            21.4
1979   163         34.1         14.7         27.2        .0            23.8
1979   164         35.4         14.2         26.4        .0            26.4
1979   165         39.0         17.2         26.2        .0            28.1
1979   166         34.0         18.8         23.2        .0            27.6
1979   167         31.6         19.6         24.5       2.5            29.1
1979   168         23.6         13.4         18.3        .0            22.8
1979   169         33.8         15.0         25.0      10.2            25.2
1979   170         30.1         14.7         23.2        .0            22.9
1979   171         29.9         13.7         28.5        .0            22.4
1979   172         35.7         16.7         25.5       2.5            25.2
1979   173         27.5         17.1         20.0      12.7            24.3
1979   174         24.2         15.9         16.4        .0            22.7
1979   175         23.0         12.9         16.8       5.1            21.6
1979   176         26.5         15.4         18.1        .0            22.8
1979   177         31.3         15.5         23.9        .0            19.2
1979   178         31.0         17.4         24.2      27.9            20.6
1979   179         32.9         19.2         17.0        .0            24.9
1979   180         31.7         16.3         24.5       2.5            26.1
1979   181         30.8         17.0         26.7        .0            26.1
1979   182         29.4         16.7        999.9        .0            23.4
1979   183         26.1         17.2        999.9        .0            23.4
1979   184         29.4         17.8        999.9        .0            23.4
1979   185         35.6         21.1        999.9        .0            23.4
1979   186         30.6         16.1        999.9       2.5            23.4
1979   187         18.3         11.7        999.9      27.9            23.4
1979   188         16.7         11.7        999.9       7.6            23.4
1979   189         22.2         13.9        999.9        .0            23.4
1979   190         29.4         17.2        999.9        .0            23.4
1979   191         30.0         19.4        999.9        .0            23.4
1979   192         33.3         18.3        999.9        .0            23.4
1979   193         36.1         20.6        999.9        .0            23.4
1979   194         36.7         18.3        999.9        .0            23.4
1979   195         38.3         17.8        999.9        .0            23.4
1979   196         33.9         17.2        999.9        .0            23.4
1979   197         28.9         16.7        999.9        .0            23.4
1979   198         31.7         14.4        999.9      15.2            23.4
1979   199         22.8         15.6        999.9        .0            23.4
1979   200         26.1         14.4        999.9      15.2            23.4
1979   201         27.2         15.0        999.9        .0            23.4
1979   202         30.0         15.6        999.9        .0            23.4
1979   203         32.2         18.9        999.9        .0            23.4
1979   204         32.8         18.3        999.9        .0            23.4
1979   205         30.6         18.9        999.9        .0            23.4
1979   206         31.7         16.7        999.9        .0            23.4
1979   207         30.0         15.6        999.9        .0            23.4
1979   208         31.1         16.7        999.9        .0            23.4
1979   209         33.3         17.8        999.9       2.5            23.4
1979   210         32.8         17.2        999.9        .0            23.4
1979   211         37.2         18.9        999.9      10.2            23.4
1979   212         30.6         16.7        999.9        .0            23.4
1979   213         26.7         13.9        999.9        .0            23.4
1979   214         30.0         17.2        999.9        .0            23.4
1979   215         32.8         15.6        999.9        .0            23.4
1979   216         35.6         17.2        999.9        .0            23.4
1979   217         37.2         19.4        999.9        .0            23.4
1979   218         37.8         21.1        999.9        .0            23.4
1979   219         35.6         18.9        999.9        .0            23.4
1979   220         37.2         19.4        999.9        .0            23.4
1979   221         32.2         21.1        999.9        .0            23.4
1979   222         36.7         15.6        999.9       2.5            23.4
1979   223         23.9         10.6        999.9        .0            23.4
1979   224         28.3         12.2        999.9        .0            23.4
1979   225         31.1         13.9        999.9        .0            23.4
1979   226         31.7         10.6        999.9       2.5            23.4
1979   227         17.2          8.9        999.9      10.2            23.4