1977   267         25.8          6.5         18.4        .0           999.9   17.0
1977   268         25.0          7.9         18.2        .0            17.3
1977   269         28.5          8.6         17.7        .0            18.4
1977   270         24.0         10.2         17.9        .0            18.4
1977   271         19.2         11.8         14.1        .0            17.2
1977   272         22.7         13.1         13.7        .0            17.8
1977   273         19.9         14.3         13.5        .0            18.0
1977   274         18.4         12.6         15.8        .0            17.1
1977   275         16.2          8.4         16.3        .0            14.7
1977   276         18.9          4.4         16.9        .0            13.1
1977   277         22.6          7.1         16.3        .0            14.3
1977   278         14.9          7.8         15.2       2.5            13.6
1977   279         12.8          4.3         12.9      15.2            11.0
1977   280         24.0          7.5         15.2        .0            13.6
1977   281         17.5          4.6         16.3        .0            13.4
1977   282         22.5          1.7         16.0        .0            13.0
1977   283         13.9          3.6         13.6        .0            11.1
1977   284         12.8           .3         15.8        .0             8.8
1977   285         19.1         -1.9         15.7        .0             8.8
1977   286         24.4           .3         15.6        .0            11.4
1977   287         22.5          3.9         15.4        .0            13.4
1977   288         16.1          4.1         15.1        .0            12.3
1977   289         20.8           .8         15.2        .0            11.7
1977   290         19.6          2.9         15.0        .0            11.9
1977   291         19.9          2.9         14.8        .0            11.9
1977   292         22.7          8.2         15.0        .0            13.6
1977   293         27.6          7.7         14.2        .0            16.3
1977   294         24.1         11.2         10.6        .0            17.1
1977   295         13.6          6.4          1.6        .0            10.5
1977   296          9.1          7.1          2.5        .0             9.9
1977   297         10.9          6.8          4.1       5.1            10.8
1977   298         18.8          3.2         12.3        .0            11.1
1977   299         24.6          9.9         13.9        .0            14.0
1977   300         22.6         10.1         10.4        .0            13.8
1977   301         21.3         11.6         10.6        .0            15.4
1977   302         20.2         13.0          4.8        .0            15.1
1977   303         20.7         10.0          5.7      12.7            15.6
1977   304         18.9          7.2         13.1        .0            12.1
1977   305         10.5          2.7          2.9        .0             7.8
1977   306         14.9           .4         13.0        .0             8.0
1977   307         14.8          3.9         13.0        .0             7.8
1977   308         16.8          1.5         12.7        .0             8.1
1977   309         12.6          4.4          8.2        .0             7.9
1977   310         13.3          9.4          2.8        .0             9.0
1977   311         13.8          9.8          2.8       5.1            10.0
1977   312         12.6          7.5          2.7       5.1             9.6
1977   313          4.3          -.3         10.8        .0             5.3
1977   314         11.2         -4.0         12.0        .0             3.4
1977   315         11.4         -1.8         11.9        .0             3.8
1977   316          9.7         -1.2          9.3        .0             4.1
1977   317         16.3          -.7         11.6        .0             5.6
1977   318         17.9           .4         11.2        .0             7.3
1977   319         15.8          1.8          7.1        .0             7.9
1977   320         12.6          -.1          9.6        .0             6.7
1977   321         10.5         -2.7         11.4        .0             3.3
1977   322         12.5           .0          7.8        .0             4.0
1977   323         14.5          5.7          5.8        .0             8.4
1977   324         12.6         -8.2          5.6        .0             2.4
1977   325         -2.7        -10.7          6.8        .0            -1.0
1977   326          6.2         -5.8          8.8        .0             1.0
1977   327          5.5         -3.1          9.3        .0              .4
1977   328          2.7         -5.7          6.7        .0             -.1
1977   329          -.4         -7.1         10.5        .0            -1.9
1977   330          4.0         -8.0          5.2       5.1            -1.9
1977   331          5.5         -3.2          9.1        .0             -.1
1977   332          3.0           .0          3.8        .0             1.2
1977   333          5.9           .6          8.2        .0             2.4
1977   334          7.1          1.5          4.3        .0             3.5
1977   335          7.6         -1.8          8.9        .0             3.2
1977   336          9.4         -3.5          9.1        .0             4.0
1977   337          8.0         -1.3          6.9        .0             4.1
1977   338          4.1          -.7          2.2        .0             3.3
1977   339         -4.0         -7.8          7.0        .0            -1.3
1977   340         -6.1        -12.5          9.3        .0            -6.1
1977   341          1.1        -10.8          8.2        .0            -5.6
1977   342         -3.9         -8.4          6.8        .0            -5.0
1977   343         -9.9        -15.7          9.6        .0            -8.6
1977   344         -1.1        -13.9          9.5        .0            -8.2
1977   345          7.1        -10.6          9.5        .0            -3.8
1977   346         10.3         -4.1          2.1        .0             1.4
1977   347         13.6          -.4          9.1        .0             5.5
1977   348         12.6         -2.7          8.3        .0             6.3
1977   349         16.0         -1.4          7.3        .0             7.3
1977   350          9.2           .5          5.5        .0             2.3
1977   351          5.9         -4.0          4.4        .0             1.4
1977   352          7.6         -4.8          8.8        .0              .4
1977   353           .9         -7.6          6.0        .0            -1.0
1977   354         -4.4         -8.4          6.4        .0            -2.9
1977   355          2.4         -9.9          9.6        .0            -2.6
1977   356          7.5         -5.0          6.1        .0             -.4
1977   357         12.6         -4.8          9.3        .0              .8
1977   358          4.7        -10.2          8.8        .0            -1.0
1977   359           .0         -9.2          9.6        .0            -3.3
1977   360          1.9         -9.0          8.8        .0            -2.8
1977   361           .7        -10.5          9.1        .0            -2.8
1977   362          6.2         -9.5          9.7        .0            -1.6
1977   363          7.8         -6.4          9.1        .0            -1.0
1977   364          5.0         -9.6          8.6        .0             -.2
1977   365          2.3        -16.1          3.0       2.5            -1.4
1978     1         -9.8        -18.4          9.6        .0            -6.2
1978     2          -.2        -16.2          9.8        .0            -5.3
1978     3          5.9        -10.2          9.6        .0            -2.9
1978     4          1.6         -5.4          3.9        .0            -2.1
1978     5          -.9         -5.4          3.7        .0            -1.8
1978     6          8.2         -6.0          6.6        .0            -1.1
1978     7          1.5        -12.0          7.8        .0            -2.2
1978     8        -12.5        -18.8          9.6        .0            -8.5
1978     9        -12.1        -17.8          4.7        .0            -8.2
1978    10        -12.3        -19.0          5.7        .0            -8.3
1978    11         -5.7        -13.6          5.8        .0            -6.2
1978    12           .0        -11.0          9.5        .0            -4.2
1978    13         -3.6        -13.6          9.0        .0            -5.0
1978    14          -.6        -12.6          9.8        .0            -6.2
1978    15          -.9         -8.0          2.5       5.1            -4.6
1978    16         -7.6        -11.5          9.7        .0            -6.4
1978    17         -9.8        -19.6         10.4        .0           -10.8
1978    18         -7.7        -15.2          8.3        .0           -11.4
1978    19        -10.7        -12.9          2.6        .0           -10.8
1978    20         -5.9        -16.2          9.1        .0           -10.3
1978    21         -1.1        -12.7          8.8        .0            -7.8
1978    22           .9        -11.2          9.6        .0            -5.3
1978    23           .2         -6.0          2.6        .0            -3.1
1978    24          2.3         -6.1          9.3        .0            -1.6
1978    25         -2.5         -7.8         10.4        .0            -2.8
1978    26         -8.7        -17.4         11.9        .0            -8.1
1978    27         -2.9        -15.3         12.2        .0            -6.5
1978    28         -5.6        -15.8         11.1        .0            -6.7
1978    29        -10.8        -17.3          5.0        .0            -7.7
1978    30          -.9        -14.1         10.7        .0            -5.3
1978    31         -5.3        -17.0          7.2        .0            -7.3
1978    32         -5.2        -19.2          3.3        .0            -6.7
1978    33        -10.3        -21.8         11.3        .0            -9.6
1978    34         -2.6        -17.1         12.5        .0            -6.5
1978    35          4.4        -10.3         11.9        .0            -2.3
1978    36         -9.1        -13.6          5.0        .0            -7.0
1978    37         -9.8        -13.5          4.6        .0            -7.9
1978    38         -9.8        -13.3          9.4        .0            -6.6
1978    39         -9.7        -12.3          6.6        .0            -5.8
1978    40         -6.3        -13.4         11.9        .0            -5.5
1978    41         -4.6        -13.0          9.2        .0            -5.4
1978    42         -2.6         -5.0          3.7        .0            -3.8
1978    43         -2.2         -5.8          3.0       5.1            -3.2
1978    44         -5.5         -7.1          8.7      10.2            -4.2
1978    45         -4.6         -9.0         13.0        .0            -5.4
1978    46         -4.5        -11.3         13.4        .0            -6.4
1978    47         -8.5        -16.3         12.3        .0            -9.2
1978    48         -8.0        -19.9         14.8        .0           -11.7
1978    49         -4.3        -19.3         15.0        .0           -11.5
1978    50           .7        -16.5         14.7        .0            -8.8
1978    51         -4.3        -10.3          7.8        .0            -6.8
1978    52         -1.1        -16.4         15.4        .0            -7.0
1978    53          6.2        -13.0         12.7        .0            -4.7
1978    54          6.3         -4.2         15.7        .0             -.5
1978    55          7.4         -2.9         15.8        .0             2.2
1978    56          1.5         -2.6         12.7        .0             1.5
1978    57          1.8         -3.8          6.7        .0              .5
1978    58          3.2         -2.5          3.6        .0              .8
1978    59         -1.8         -4.8          3.7        .0             -.8
1978    60         -2.7         -8.4          3.7       7.6            -3.2
1978    61         -2.2         -7.5         14.0        .0            -4.0
1978    62         -8.0        -12.9         16.4        .0            -6.9
1978    63         -5.5        -18.4         17.0        .0            -9.7
1978    64          3.1        -14.2         15.3        .0            -7.2
1978    65          2.5         -4.3         13.1        .0            -2.6
1978    66           .4         -3.6          3.9        .0             -.7
1978    67          3.4         -6.8         17.6        .0             -.6
1978    68         11.2         -5.6         17.0        .0             1.7
1978    69          9.4         -2.1         13.0        .0             3.8
1978    70          7.5          -.1         16.0        .0             4.5
1978    71          8.7         -1.5         16.2       2.5             4.5
1978    72          5.5          1.2          5.9       2.5             4.4
1978    73          7.8           .7         15.5        .0             4.8
1978    74          8.7           .2         16.3        .0             5.2
1978    75          7.1         -3.1         14.4        .0             4.0
1978    76          8.5         -3.4         19.9        .0             3.2
1978    77         22.5           .7         17.6        .0             6.8
1978    78          9.8           .0         17.7        .0             4.3
1978    79         15.6          -.6         14.6        .0             4.7
1978    80         22.3           .0         20.5        .0             7.7
1978    81         16.1          5.4         19.4        .0             8.8
1978    82          5.2          1.6          2.6        .0             2.2
1978    83          7.5         -3.1         19.2        .0             3.8
1978    84          9.6         -5.9         21.6        .0             3.6
1978    85         15.8         -4.6         20.6        .0             6.8
1978    86         24.6          3.3         21.6        .0            11.6
1978    87         24.0          4.8         21.0        .0            14.1
1978    88         20.1          6.4         20.5        .0            14.3
1978    89         27.2          7.2         20.9        .0            16.6
1978    90         30.9         11.7         21.7        .0            19.1
1978    91         16.3          6.5         16.8        .0            13.6
1978    92         23.1          7.2         22.3        .0            16.2
1978    93         25.9          8.8         17.5       5.1            16.2
1978    94         19.1          3.9         22.8        .0            13.4
1978    95         23.5          9.2         12.5       5.1            14.5
1978    96         22.4          7.7         23.5        .0            14.9
1978    97         28.1         10.0         16.7        .0            16.9
1978    98         28.2         16.7         19.2        .0            20.2
1978    99         19.6          5.6          5.5      22.9            14.3
1978   100         11.0          1.1         18.1        .0             9.1
1978   101         21.2          -.2         24.7        .0            10.4
1978   102         17.1          4.3         24.4        .0            11.5
1978   103         16.5          3.0         20.4       2.5            11.0
1978   104         13.7          5.8         18.0        .0            10.8
1978   105          8.5          5.3          5.3      12.7             8.1
1978   106          7.4          5.2          2.6        .0             7.7
1978   107          9.3          3.2          4.1      15.2             7.5
1978   108          8.0          2.4          7.8       2.5             5.9
1978   109         11.0          -.3         14.6        .0             6.4
1978   110         10.3         -3.3         25.4        .0             7.6
1978   111         12.9         -3.1         17.2        .0             6.9
1978   112         16.3          3.5         14.7        .0             9.2
1978   113         19.2           .6         25.8        .0            10.6
1978   114         14.2          5.6         20.2        .0            10.6
1978   115         15.8          4.5         21.9        .0            11.8
1978   116         18.1          5.2         21.6        .0            12.5
1978   117         19.6          7.2         12.4        .0            11.3
1978   118         24.3          9.9         26.1        .0            15.8
1978   119         23.4         10.3         24.1       5.1            17.1
1978   120         13.5          9.7          2.3      20.3            12.9
1978   121         12.4          4.8         14.5        .0            10.8
1978   122         13.2          1.4         23.8        .0            11.3
1978   123          9.5          3.0          8.8        .0             8.5
1978   124         10.8          5.0          9.1        .0             9.3
1978   125         13.7          5.0         14.8        .0            10.5
1978   126          8.5          5.7          2.1      15.2             7.2
1978   127         16.8          5.8         14.6        .0             8.5
1978   128         17.4          6.9         23.9        .0            10.1
1978   129         22.1          4.6         25.6        .0            11.2
1978   130         26.2          6.8         23.7        .0            13.2
1978   131         25.2         12.0         23.0        .0            15.3
1978   132         18.1          9.3         19.9      12.7            14.7
1978   133         19.7          6.2         28.5        .0            14.4
1978   134         22.1          6.4         28.2        .0            15.0
1978   135         22.1          8.7         28.2        .0            15.5
1978   136         19.8          7.8         25.4        .0            15.2
1978   137         20.4          8.7         25.0        .0            15.3
1978   138         19.8         14.1          6.4        .0            15.4
1978   139         25.5         15.5         11.3        .0            17.9
1978   140         19.2         10.4         26.7        .0            17.4
1978   141         24.2         10.4         23.8        .0            17.0
1978   142         22.2         13.8         12.2      15.2            17.1
1978   143         25.8         12.4         22.9        .0            19.3
1978   144         30.5         15.7         22.9        .0            18.5
1978   145         28.3         17.1         19.9       5.1            19.6
1978   146         26.2         15.1         22.5        .0            18.9
1978   147         25.4         15.2         21.5        .0            18.0
1978   148         24.8         12.7         24.2        .0            17.1
1978   149         21.1         12.0         14.2        .0            15.5
1978   150         30.8          8.6         23.9      10.2            16.2
1978   151         19.9         10.0         13.2        .0            14.7
1978   152         19.0          9.8         21.0        .0            13.3
1978   153         19.7         10.2         19.4        .0            13.0
1978   154         23.6         11.5         24.3        .0            14.3
1978   155         24.8         11.3         25.8        .0            15.4
1978   156         24.1         12.7         22.4       2.5            15.9
1978   157         24.6         13.2         17.6        .0            16.3
1978   158         22.3         11.8         28.2        .0            15.6
1978   159         26.2          5.1         27.6        .0            19.6
1978   160         31.4         12.6         29.0        .0            22.9
1978   161         32.0         18.0         28.5        .0            24.8
1978   162         32.3         17.7         28.5        .0            26.4
1978   163         27.4         10.1         29.2        .0            24.5
1978   164         30.4         14.2         28.6        .0            25.3
1978   165         35.0         17.6         28.2        .0            28.1
1978   166         38.0         21.8         28.2        .0            30.4
1978   167         40.5         23.3         28.7        .0            32.5
1978   168         31.2         16.8         28.4        .0            29.2
1978   169         31.7         15.7         25.7        .0            27.3
1978   170         34.4         14.9         24.3      38.1            25.8
1978   171         24.0         13.8         23.5        .0            20.3
1978   172         27.3         11.5         29.2        .0            21.6
1978   173         32.7         18.1         22.8        .0            24.5
1978   174         32.0         19.9         19.4        .0            24.5
1978   175         35.2         20.7         23.1        .0            27.0
1978   176         39.6         23.4         28.6        .0            29.1
1978   177         31.6         20.2         27.6        .0            26.2
1978   178         31.3         15.9         19.7        .0            23.6
1978   179         35.8         19.7         28.3        .0            26.5
1978   180         35.5         21.4         27.2        .0            26.8
1978   181         35.7         21.4         24.5        .0            26.6
1978   182         33.9         19.8         27.1        .0            26.2
1978   183         37.4         17.8         28.2        .0            26.3
1978   184         39.4         20.6         27.1        .0            27.6
1978   185         38.8         23.9         28.8        .0            28.2
1978   186         39.7         18.7         24.8        .0            27.9
1978   187         25.6         15.0        999.9        .0            26.6
1978   188         26.1         13.3        999.9        .0            26.6
1978   189         22.8          6.7        999.9        .0            26.6
1978   190         26.1         11.7        999.9        .0            26.6
1978   191         31.1         16.7        999.9        .0            26.6
1978   192         32.2         17.8        999.9        .0            26.6
1978   193         31.7         12.8        999.9        .0            26.6
1978   194         27.8         14.4        999.9        .0            26.6
1978   195         30.6         17.2        999.9        .0            26.6
1978   196         35.0         21.1        999.9        .0            26.6
1978   197         37.8         22.2        999.9        .0            26.6
1978   198         37.8         21.7        999.9        .0            26.6
1978   199         31.1         16.1        999.9        .0            26.6
1978   200         30.6         13.9        999.9        .0            26.6
1978   201         33.9         13.9        999.9      68.6            26.6
1978   202         30.0         20.0        999.9       5.1            26.6
1978   203         35.0         16.7        999.9      53.3            26.6
1978   204         25.6         12.8        999.9        .0            26.6
1978   205         26.7         14.4        999.9        .0            26.6
1978   206         32.2         18.3        999.9        .0            26.6
1978   207         36.1         17.2        999.9        .0            26.6
1978   208         32.2         17.8        999.9        .0            26.6
1978   209         33.3         17.2        999.9        .0            26.6
1978   210         35.0         18.9        999.9        .0            26.6
1978   211         28.9         15.6        999.9        .0            26.6
1978   212         29.4         16.1        999.9        .0            26.6
1978   213         31.7         16.7        999.9      17.8            26.6
1978   214         28.9         16.1        999.9      15.2            26.6
1978   215         28.3         11.7        999.9        .0            26.6
1978   216         21.7         13.3        999.9        .0            26.6
1978   217         24.4         12.2        999.9        .0            26.6
1978   218         27.8         15.6        999.9        .0            26.6
1978   219         31.7         15.6        999.9        .0            26.6
1978   220         33.3         16.7        999.9        .0            26.6
1978   221         33.9         18.3        999.9       2.5            26.6
1978   222         30.6         15.6        999.9      12.7            26.6
1978   223         31.1         15.6        999.9        .0            26.6
1978   224         31.1         16.1        999.9        .0            26.6
1978   225         33.9         19.4        999.9        .0            26.6
1978   226         40.0         21.1        999.9        .0            26.6
1978   227         36.1         14.4        999.9      12.7            26.6
1978   228         26.1         12.8        999.9        .0            26.6
1978   229         33.9         19.4        999.9        .0            26.6
1978   230         36.1         18.3        999.9        .0            26.6
1978   231         26.1          9.4        999.9        .0            26.6
1978   232         27.2         12.2        999.9        .0            26.6
1978   233         32.2         18.3        999.9        .0            26.6
1978   234         36.7         21.1        999.9        .0            26.6
1978   235         36.1         20.6        999.9        .0            26.6
1978   236         37.8         22.8        999.9        .0            26.6