1978   270         27.4         13.0         17.4        .0           999.9   20.6
1978   271         28.2         12.3         18.2        .0            20.7
1978   272         29.9         13.5         17.1        .0            21.4
1978   273         26.8         11.1         17.9        .0            20.5
1978   274         28.5         10.6         16.8        .0            20.0
1978   275         31.3         17.6         16.8        .0            22.5
1978   276         25.1         13.0         16.5        .0            21.5
1978   277         27.9          8.2         16.8        .0            19.5
1978   278         26.0          6.6         17.3        .0            17.8
1978   279         19.4          2.5         17.1        .0            14.2
1978   280         25.4          4.2         17.0        .0            14.2
1978   281         21.8         11.2         15.3        .0            16.0
1978   282         19.4         11.7         11.5        .0            16.4
1978   283         26.8         10.4         16.1        .0            17.9
1978   284         30.7         12.3         16.0        .0            20.3
1978   285         33.5         11.2         16.3        .0            22.1
1978   286         24.9          6.6         16.0        .0            19.2
1978   287         19.9           .1         15.8        .0            13.9
1978   288         23.8           .7         15.9        .0            12.6
1978   289         20.7          3.1         15.8        .0            12.7
1978   290         23.5          4.7         15.7        .0            13.8
1978   291         24.1          9.0         14.9        .0            15.8
1978   292         22.1          4.4         15.4        .0            15.2
1978   293         28.8          6.3         15.1        .0            16.5
1978   294         29.6         11.2         13.9        .0            19.2
1978   295         25.4         14.6         10.0       2.5            20.3
1978   296         17.4          6.0         12.3        .0            16.1
1978   297         18.8           .7         14.2        .0            12.2
1978   298         19.4          9.2         11.0        .0            13.2
1978   299         16.9           .1         14.5        .0            11.5
1978   300         23.5          2.0         14.5        .0            12.1
1978   301         24.4          6.3         14.3        .0            14.5
1978   302         24.1          6.0         14.2        .0            15.7
1978   303         24.9          8.4         14.0        .0            16.6
1978   304         21.9          7.6         12.2        .0            16.1
1978   305         19.4          2.3         12.5        .0            13.6
1978   306         26.5          9.3         12.7        .0            15.8
1978   307         27.1         13.5          9.7        .0            19.1
1978   308         26.0         10.7         13.5        .0            19.5
1978   309         24.6         12.5         10.1      17.8            19.1
1978   310         19.4          3.3         10.6        .0            15.3
1978   311         12.7         -2.3         13.2        .0             9.6
1978   312         19.9          2.8         13.1        .0            10.0
1978   313         20.7          5.8         13.0        .0            12.6
1978   314         21.8          6.8         10.9        .0            14.4
1978   315          9.1          3.6          8.5       2.5            10.8
1978   316          8.5          3.0          8.4       5.1             7.7
1978   317         17.7          7.3         11.9        .0            10.4
1978   318          9.6           .1          8.5      10.2             8.7
1978   319          1.6           .1          8.2       5.1             4.6
1978   320          2.5           .7          8.1       2.5             2.8
1978   321          8.0          -.1          9.7        .0             4.0
1978   322         15.2         -1.5         11.9        .0             6.4
1978   323         10.5           .4          8.0        .0             6.9
1978   324          5.5         -1.5          7.9        .0             4.8
1978   325          1.4         -2.8          7.8       2.5             2.1
1978   326          8.2           .4          7.8       2.5             3.5
1978   327         14.6          4.7         10.3        .0             7.8
1978   328         10.5          4.2          7.7       2.5             8.9
1978   329          9.4          7.1          7.6       7.6             9.1
1978   330         12.1          2.8          7.6        .0             8.7
1978   331          6.0         -2.4         10.2        .0             5.5
1978   332         10.2         -3.9         11.0        .0             4.3
1978   333         13.0          1.2         10.9        .0             6.3
1978   334         11.3          -.1          5.3        .0             7.6
1978   335         14.6          1.4          8.8        .0             6.4
1978   336          9.9         -4.6          2.9       2.5             5.6
1978   337         -1.6         -9.2          6.4        .0             -.5
1978   338         11.2         -7.6         10.3        .0             -.4
1978   339          9.7         -1.3          9.8        .0             2.4
1978   340           .6         -5.0          5.1        .0              .8
1978   341         -5.2        -10.1          4.8        .0             -.8
1978   342         -5.2        -13.1          9.5       2.5            -1.0
1978   343           .5        -15.2         10.2        .0            -1.8
1978   344          9.1         -8.2          9.9        .0             -.9
1978   345          7.6         -5.5          9.7        .0              .3
1978   346         14.9         -3.6         10.4        .0             1.4
1978   347          6.8         -2.0          7.9        .0             1.4
1978   348          9.7         -5.3          9.7        .0              .7
1978   349         10.9         -4.1          9.5        .0             2.6
1978   350          9.2         -4.9          9.4        .0             2.2
1978   351          8.9         -9.3          8.0        .0              .8
1978   352         16.2          4.8          5.5        .0             5.6
1978   353         21.4         15.7          4.1        .0            11.0
1978   354         16.5         -4.1          8.3        .0             6.6
1978   355         11.5         -6.6         10.3        .0             2.9
1978   356         10.5         -3.2         10.3        .0             3.0
1978   357          9.5         -3.9          6.4        .0             3.3
1978   358          4.5         -9.1         10.4        .0             1.5
1978   359         12.5         -2.9         10.4        .0             2.7
1978   360          8.7         -6.0          9.7        .0             2.6
1978   361          7.5         -7.6          7.6        .0              .9
1978   362         13.8         -1.2          7.5        .0             4.3
1978   363         10.3         -8.5          3.6        .0             2.7
1978   364         -8.5        -10.0          3.6       7.6            -1.0
1978   365         -9.7        -12.5          3.6       5.1            -1.8
1979     1        -12.9        -18.0          7.6        .0            -3.5
1979     2         -6.5        -17.9         10.9        .0            -4.6
1979     3         -1.6        -15.0          9.2        .0            -3.6
1979     4         -3.9        -11.6          3.7        .0            -2.9
1979     5        -10.8        -12.8          5.4        .0            -4.0
1979     6         -8.1        -13.1          3.8       5.1            -2.8
1979     7         -7.6        -17.9         10.2        .0            -1.4
1979     8         -5.6        -21.9         11.3        .0            -2.8
1979     9         -5.6        -11.9         11.0        .0            -2.3
1979    10         -6.7        -11.1          3.9        .0            -1.9
1979    11         -1.2         -9.0          3.9        .0            -1.4
1979    12           .4         -1.9          3.9        .0             -.5
1979    13          -.8        -16.2          4.4       2.5            -1.6
1979    14        -12.4        -20.2         11.6        .0            -3.8
1979    15           .9        -15.0          7.2        .0            -2.9
1979    16          3.3        -11.3          4.1        .0            -1.8
1979    17          1.2         -8.5         10.8        .0             -.7
1979    18          3.2         -4.3          1.3      17.8             -.2
1979    19          3.5         -1.8          7.8        .0              .2
1979    20          3.1         -1.8          7.8        .0              .1
1979    21          6.0         -3.0         11.2        .0              .1
1979    22          7.9         -1.1          6.7        .0              .2
1979    23         -1.3         -8.9          6.8        .0            -1.3
1979    24           .6        -10.9         11.3        .0            -2.2
1979    25          3.1         -3.1          3.6        .0             -.7
1979    26           .9         -7.6          6.7        .0             -.1
1979    27         -6.8        -12.0         11.8        .0            -2.0
1979    28         -6.9        -14.1         12.3        .0            -3.8
1979    29         -8.2        -13.8          6.6        .0            -3.6
1979    30         -8.3        -17.1         12.0       2.5            -2.2
1979    31         12.3        -20.4         12.4       2.5            -3.7
1979    32          -.6        -18.0         12.4        .0            -3.6
1979    33         -4.3         -9.6          8.2        .0            -2.3
1979    34         -6.3        -12.5         12.4        .0            -2.6
1979    35         -5.0        -16.3         12.9        .0            -3.7
1979    36         -6.8        -19.1         11.8        .0            -4.2
1979    37          1.4         -7.0          6.9        .0            -1.8
1979    38         -3.9        -13.2         13.1        .0            -2.5
1979    39         -1.9        -14.9         11.2        .0            -3.3
1979    40         -4.2        -16.7         13.4        .0            -5.2
1979    41          3.4        -10.7         13.6        .0            -2.8
1979    42          8.6         -2.5         11.9        .0             -.2
1979    43           .7         -4.3          3.9        .0              .0
1979    44           .1         -3.8          5.0        .0             -.3
1979    45          4.4           .1          4.4        .0              .3
1979    46          1.1        -12.1          8.1        .0             -.2
1979    47        -10.8        -16.5          7.4        .0            -7.2
1979    48        -10.3        -13.8          5.6        .0            -6.3
1979    49          1.5        -14.1         14.7        .0            -2.7
1979    50          8.5         -3.9         14.3        .0            -1.2
1979    51          5.1           .1          3.0        .0              .4
1979    52          7.8          -.4          8.6        .0             1.2
1979    53         16.8          2.7          8.1        .0             7.9
1979    54         12.1         -1.5         15.6        .0             7.8
1979    55          1.0         -3.7          8.1        .0              .1
1979    56          5.7         -3.8         15.9        .0              .1
1979    57         10.9         -3.8         13.9        .0             1.6
1979    58         16.7          1.3         14.4        .0             4.5
1979    59          6.3         -2.7          3.4      10.2             4.2
1979    60         14.4          2.3         10.5        .0             5.7
1979    61         12.8          5.8          4.1      17.8             7.0
1979    62          9.3         -2.6          4.2       5.1             3.0
1979    63          5.5         -3.3         17.3        .0             1.5
1979    64         11.7         -2.9         14.9        .0             4.1
1979    65         17.3          1.7         13.7        .0             7.0
1979    66         12.9          2.4         17.5        .0             7.9
1979    67         13.4         -1.3         11.6        .0             5.9
1979    68          9.3          1.4         12.4        .0             6.1
1979    69          9.3           .3         17.5        .0             5.4
1979    70         21.3          -.6         17.4        .0             7.3
1979    71         21.0           .3         16.9        .0             3.5
1979    72         17.3          6.8         18.2        .0             3.9
1979    73         14.0         -2.2         17.3        .0             3.0
1979    74         12.6           .1          7.7        .0             2.4
1979    75          8.8          5.2          6.5        .0             2.4
1979    76         13.5          4.9          6.5      25.4             2.9
1979    77         22.1          9.2         13.7       5.1             4.3
1979    78         16.5          5.4         13.2        .0             4.3
1979    79         14.9          5.2         13.4        .0             3.8
1979    80         18.5          6.8         11.5      30.5             4.0
1979    81         19.3         10.8         11.3       5.1             4.7
1979    82         13.8          2.8         10.5        .0             3.9
1979    83          8.5         -1.5         19.9        .0             2.3
1979    84         16.3         -3.1         20.3        .0             2.1
1979    85         15.1          2.4         20.1        .0             2.7
1979    86         13.5          -.8         12.5        .0             7.6
1979    87         21.5         12.3         11.1        .0            14.6
1979    88         26.5         17.5         16.2        .0            18.0
1979    89         19.3          6.5         14.0        .0            13.0
1979    90         15.0          5.1         12.2        .0            10.9
1979    91          8.4          3.5          4.4       5.1             8.3
1979    92          7.2           .1         10.8        .0             6.6
1979    93          3.8           .0          3.4      12.7             2.3
1979    94         10.9         -2.1         21.5        .0             7.4
1979    95         20.5          2.5         22.2        .0            11.6
1979    96         15.7         -1.0         22.0        .0             9.7
1979    97         24.5          9.7         21.2        .0            14.7
1979    98         18.6          7.2         21.8        .0            15.8
1979    99         14.9          1.4         22.2        .0            12.6
1979   100         15.4          5.7          3.9      12.7            11.0
1979   101         18.2         11.3         15.9        .0            13.0
1979   102         17.4          6.1         23.4        .0            12.8
1979   103         18.0          3.4         23.4        .0            13.5
1979   104         23.4          6.0         23.4        .0            16.0
1979   105         28.2          9.7         23.0        .0            18.0
1979   106         28.0         12.2         21.4        .0            19.5
1979   107         25.9         12.2         15.9        .0            19.2
1979   108         17.3         12.6          5.1       2.5            16.3
1979   109         22.1         16.2          7.8        .0            17.8
1979   110         18.8         10.5          8.8      25.4            16.7
1979   111         20.5          6.5         24.3        .0            16.3
1979   112         22.7          8.6         20.1        .0            17.2
1979   113         22.2         11.0         20.0        .0            18.2
1979   114         26.8          9.5         21.4        .0            19.0
1979   115         22.6          9.1         17.7        .0            17.6
1979   116         18.9          5.1         23.5        .0            17.0
1979   117         14.7          5.4         18.2        .0            15.0
1979   118         13.6          3.3         10.7        .0            11.9
1979   119         19.2          2.8         27.2        .0            15.6
1979   120         23.0          5.8         22.7        .0            16.7
1979   121         21.2         10.4         14.0        .0            17.0
1979   122         18.7         11.6          7.7      12.7            16.8
1979   123         11.6          7.1          2.9      15.2            11.6
1979   124         16.7          6.7         23.5        .0            13.8
1979   125         21.2          4.8         26.2        .0            14.8
1979   126         28.1         12.7         25.8        .0            17.6
1979   127         28.0         17.3         25.0        .0            20.7
1979   128         28.5         20.0         22.3        .0            22.1
1979   129         26.1         19.9         11.2        .0            21.2
1979   130         22.8          7.4         11.1       7.6            16.4
1979   131         14.6          2.4         17.1        .0            13.3
1979   132         23.4          4.4         25.3        .0            15.8
1979   133         24.0          7.2         26.3        .0            17.7
1979   134         25.4          8.8         24.7        .0            18.9
1979   135         26.6         14.1         22.3        .0            20.2
1979   136         28.6         14.2         25.6        .0            21.1
1979   137         27.4         13.8         19.9        .0            21.0
1979   138         26.6         15.7         17.9       7.6            21.4
1979   139         29.1         16.6         22.2        .0            22.8
1979   140         26.5         15.2         15.7      12.7             7.2
1979   141         19.6         12.7         20.5       2.5             6.2
1979   142         24.1         10.8         25.6        .0             5.8
1979   143         22.9         11.1         25.0        .0             5.7
1979   144         22.1          5.4         24.8        .0             5.2
1979   145         22.3          5.7         24.0       2.5             4.8
1979   146         24.2         12.4         19.0       2.5             5.5
1979   147         30.4         11.7         24.8        .0             6.5
1979   148         27.6         14.0         22.2        .0             6.9
1979   149         28.4         14.6         24.0        .0             7.0
1979   150         26.5         14.9         22.5        .0             7.0
1979   151         23.2          9.8         21.8        .0             6.2
1979   152         22.1         11.4         13.2       2.5             5.7
1979   153         24.8         12.2         24.5        .0             5.9
1979   154         27.8         11.1         25.4        .0             6.3
1979   155         35.1         14.6         24.4        .0            25.8
1979   156         30.9         18.2         19.8        .0            25.8
1979   157         33.7         18.1         17.6        .0            25.7
1979   158         35.8         17.9         21.6        .0            27.5
1979   159         27.3         17.0          6.5       2.5            23.2
1979   160         23.4         14.3          8.2      20.3            20.4
1979   161         27.3          9.6         26.1        .0            20.8
1979   162         30.7         13.3         27.7        .0            22.7
1979   163         31.6         13.1         26.9        .0            24.2
1979   164         40.6         18.8         26.9        .0            26.9
1979   165         37.0         17.8         27.2        .0            28.3
1979   166         35.9         20.5         26.7        .0            28.8
1979   167         35.1         21.4         22.2        .0            28.2
1979   168         32.9         22.0         19.6        .0            27.8
1979   169         33.6         19.9         25.8        .0            28.2
1979   170         33.9         23.9        999.9        .0           999.9
1979   171         36.1         17.2        999.9       2.5           999.9
1979   172         37.8         19.4        999.9        .0           999.9
1979   173         33.9         19.4        999.9       5.1           999.9
1979   174         33.9         20.6        999.9        .0           999.9
1979   175         28.9         18.9        999.9       2.5           999.9
1979   176         31.1         15.0        999.9        .0           999.9
1979   177         32.2         17.8        999.9        .0           999.9
1979   178         33.9         23.9        999.9        .0           999.9
1979   179         36.7         22.8        999.9        .0           999.9
1979   180         38.3         20.0        999.9       2.5           999.9
1979   181         36.1         25.6        999.9        .0           999.9
1979   182         40.0         21.1        999.9        .0           999.9
1979   183         38.3         22.2        999.9        .0           999.9
1979   184         38.9         22.8        999.9        .0           999.9
1979   185         40.6         23.3        999.9        .0           999.9
1979   186         38.9         19.4        999.9        .0           999.9
1979   187         27.8         18.9        999.9      88.9           999.9
1979   188         28.3         19.4        999.9        .0           999.9
1979   189         36.1         20.6        999.9        .0           999.9
1979   190         35.0         21.7        999.9        .0           999.9
1979   191         37.2         18.3        999.9        .0           999.9
1979   192         35.6         19.4        999.9       7.6           999.9
1979   193         37.8         23.9        999.9        .0           999.9
1979   194         37.2         23.9        999.9        .0           999.9
1979   195         38.3         23.3        999.9        .0           999.9
1979   196         36.7         25.0        999.9        .0           999.9
1979   197         37.2         23.3        999.9        .0           999.9
1979   198         36.1         20.6        999.9      68.6           999.9
1979   199         27.8         21.1        999.9        .0           999.9
1979   200         29.4         18.9        999.9        .0           999.9
1979   201         31.1         16.7        999.9        .0           999.9
1979   202         32.2         19.4        999.9        .0           999.9
1979   203         33.3         21.1        999.9        .0           999.9
1979   204         30.0         21.1        999.9        .0           999.9
1979   205         33.9         22.8        999.9      25.4           999.9
1979   206         33.3         20.6        999.9       7.6           999.9