1977   271         26.0         16.8         14.6       2.5           999.9   21.8
1977   272         22.9         17.3         15.6        .0            20.5
1977   273         33.8         17.6         16.9        .0            23.6
1977   274         31.8         18.1         18.4        .0            25.0
1977   275         22.7         10.9         16.5        .0            21.0
1977   276         20.5          5.5         19.7        .0            16.1
1977   277         21.0          9.8         19.3        .0            15.4
1977   278         20.5         12.2         13.2        .0            16.3
1977   279         19.6         10.7         13.1        .0            16.2
1977   280         25.7         14.4         15.2        .0            18.4
1977   281         37.9         10.7         17.7        .0            22.3
1977   282         33.7          3.1         17.3        .0            21.1
1977   283         20.7          9.5         13.3        .0            17.7
1977   284         14.7          3.3         18.4        .0            12.9
1977   285         18.2         -1.8         18.4        .0            10.0
1977   286         26.5          4.9         18.2        .0            13.2
1977   287         28.2          5.0         18.1        .0            16.1
1977   288         21.0          8.7         17.6        .0            16.2
1977   289         20.7           .9         17.8        .0            13.6
1977   290         24.4          6.8         17.6        .0            14.5
1977   291         24.6          3.3         17.5        .0            15.0
1977   292         26.5          4.1         17.3        .0            15.4
1977   293         29.0          7.6         17.2        .0            17.4
1977   294         27.9         13.8         15.1        .0             6.5
1977   295         25.1         14.6          5.4      10.2             6.7
1977   296         15.4          9.8          5.4        .0             5.4
1977   297         21.5          9.2          9.3        .0             5.0
1977   298         20.0          9.0         12.7        .0            14.2
1977   299         30.1          9.9         15.9        .0            16.2
1977   300         26.5         11.1         13.1        .0            17.7
1977   301         23.2         13.8          8.8        .0            18.8
1977   302         25.1         13.3         11.6        .0            18.1
1977   303         20.0         17.1          5.3        .0            17.4
1977   304         22.7         12.1         14.2        .0            16.0
1977   305         13.4          5.6          4.9       7.6            10.5
1977   306         10.4          6.1          4.9       7.6             8.7
1977   307         17.6         10.1         10.3      22.9            13.3
1977   308         19.2          8.4         15.2        .0            13.2
1977   309         14.0         10.2          5.2        .0            13.7
1977   310         15.5         10.7          4.8        .0            14.2
1977   311         17.3         10.8          4.7        .0            14.3
1977   312         14.6          2.5          4.7      40.6            12.1
1977   313         11.0           .9         12.4       2.5             2.7
1977   314         10.7         -3.1         14.5        .0             1.9
1977   315         15.4          -.1         14.3        .0             2.2
1977   316         15.4           .4         11.7        .0             2.6
1977   317         17.9          6.5         13.1        .0             3.5
1977   318         19.3          3.1          6.1        .0             3.9
1977   319         17.6          7.3          6.4        .0             4.1
1977   320         17.1          1.7         12.6        .0             3.7
1977   321         14.0           .4         12.9        .0             3.0
1977   322         17.1           .4         10.7        .0             2.9
1977   323         21.5         11.7          6.8        .0             4.4
1977   324         19.0          3.3          8.4        .0             4.4
1977   325          4.3         -4.1         10.4        .0             2.1
1977   326         12.7         -4.1         10.3        .0             1.4
1977   327         11.5          -.6         11.9        .0             1.7
1977   328          7.1         -4.4          6.5        .0             1.3
1977   329          6.8          -.7         10.2        .0             1.1
1977   330         10.7         -4.4          7.4        .0             1.2
1977   331         10.1          2.2         10.3        .0             1.8
1977   332          6.8          1.1          4.1        .0             1.8
1977   333          9.3          1.4         10.7        .0             1.8
1977   334          8.2         -5.7          7.6        .0             1.2
1977   335         10.1         -4.7         11.0        .0             1.0
1977   336         11.8         -2.5         10.1        .0             1.4
1977   337         15.2           .3          6.2        .0             2.3
1977   338          9.3          3.0          3.9        .0             2.4
1977   339          7.3         -4.5          5.1        .0             1.5
1977   340         -4.2        -11.2         11.1        .0             -.7
1977   341          6.5         -7.6         11.0        .0             -.7
1977   342          4.3         -5.2          4.4        .0             -.1
1977   343         -6.5        -13.6         10.9        .0            -1.5
1977   344          2.1        -13.6         10.4        .0            -1.9
1977   345          5.4         -5.8          6.8        .0             -.7
1977   346         12.4          4.4          3.7        .0             1.6
1977   347         14.0          2.4         10.2        .0             2.7
1977   348         16.0         -4.4          9.6        .0             2.5
1977   349         18.8           .3         11.5        .0             2.9
1977   350         19.3          4.6         10.0        .0             3.6
1977   351         12.1          2.2          9.7        .0             3.2
1977   352         14.6         -5.3         11.3        .0             2.3
1977   353          9.9           .5         10.9        .0             1.9
1977   354          4.3         -8.7         10.4        .0              .6
1977   355          3.5         -6.9         11.3        .0             -.1
1977   356         12.1         -7.9          9.6        .0              .4
1977   357         15.4         -3.9         11.6        .0             1.5
1977   358         12.9           .3         11.7        .0             2.2
1977   359          5.7        -10.1         11.7        .0              .8
1977   360          5.4         -9.2         11.4        .0             -.1
1977   361          3.2        -10.9         10.7        .0             -.7
1977   362          7.6         -9.8         11.9        .0             -.4
1977   363          6.5         -2.0          9.7        .0              .4
1977   364          4.9         -1.9          3.9        .0              .8
1977   365          5.1          -.4          4.0        .0              .9
1978     1           .4        -11.5         10.6        .0             -.7
1978     2          6.0        -14.4         12.3        .0            -2.7
1978     3          9.0         -9.5         11.6        .0             -.9
1978     4         12.1         -4.1         10.6        .0             2.9
1978     5          8.5         -4.7         11.1        .0             3.6
1978     6         11.3         -7.9         10.2        .0             3.2
1978     7          8.2         -2.5          8.9        .0             3.5
1978     8          3.2        -10.9         12.7        .0              .4
1978     9         -6.6        -12.2          8.6        .0            -4.8
1978    10         -7.5        -11.7          8.1        .0            -7.4
1978    11         -6.1        -10.9          4.6        .0            -7.4
1978    12          2.9         -8.6         10.9        .0            -1.4
1978    13          4.8        -10.5         10.5        .0            -2.0
1978    14          1.6        -13.9         10.3        .0            -3.4
1978    15          4.2         -6.2          9.3        .0            -1.0
1978    16         -1.9        -16.0          4.3       7.6            -1.0
1978    17         -9.4        -19.9         11.2       2.5            -2.9
1978    18         -7.6        -13.4          4.4        .0            -2.3
1978    19         -8.3        -14.6          4.4        .0            -2.4
1978    20        -10.3        -19.1         10.8        .0            -3.1
1978    21         -6.7        -11.8          4.5        .0            -2.2
1978    22         -2.1        -13.9          8.4        .0            -2.3
1978    23          -.1         -4.9          4.5        .0             -.8
1978    24           .1         -3.2          4.6        .0             -.2
1978    25           .6        -11.2         11.1        .0            -1.0
1978    26         -3.9        -13.2         14.5        .0            -2.5
1978    27          -.4        -11.8          6.7        .0            -2.2
1978    28          -.1        -13.9         14.8        .0            -2.3
1978    29         -6.0        -13.3          5.6        .0            -2.7
1978    30           .1         -6.3          5.9        .0            -1.4
1978    31         -3.8         -9.4          7.2        .0            -2.0
1978    32          2.1         -9.7          4.9        .0             -.8
1978    33         -5.2        -17.4         14.0        .0            -2.6
1978    34          8.2         -9.9          6.3        .0            -1.5
1978    35          6.0         -3.1          8.4        .0             -.4
1978    36         -2.8         -8.0         11.3        .0            -1.1
1978    37         -4.1         -9.9          5.6        .0            -3.1
1978    38         -6.0         -8.1          5.1        .0            -2.3
1978    39         -5.2         -8.3          5.2       2.5            -1.8
1978    40         -3.4        -11.1         12.1        .0            -1.7
1978    41          -.9         -7.8          9.8        .0            -1.3
1978    42           .1         -3.6          4.9        .0             -.7
1978    43           .9         -1.5          1.5      40.6             -.3
1978    44         -2.7         -9.4         13.5       7.6             -.1
1978    45          -.1        -13.1         13.4        .0             -.1
1978    46          3.7        -13.6         14.7        .0             -.1
1978    47         -3.2        -17.9         11.6        .0             -.1
1978    48         -7.9        -16.9         15.2        .0             -.2
1978    49         -2.8        -19.6         18.2        .0             -.3
1978    50          1.2        -17.3         17.3        .0             -.4
1978    51         -1.1        -10.2         17.5        .0             -.4
1978    52         -3.7        -14.7         19.0        .0            -1.0
1978    53          6.1        -10.1         18.4        .0             -.6
1978    54          7.7         -3.2         18.5        .0             -.1
1978    55         11.9         -2.4         18.4        .0              .7
1978    56          4.4         -1.7         18.4        .0             1.0
1978    57          5.6         -3.1         15.3        .0              .9
1978    58          4.8          -.1          2.7        .0             1.0
1978    59          2.4         -1.6          3.8        .0             1.3
1978    60           .7         -2.6          3.9        .0             -.1
1978    61          3.0         -7.6          4.5       2.5              .9
1978    62         -5.5        -11.1         12.0        .0            -3.0
1978    63         -3.2        -13.5         20.2        .0            -2.8
1978    64          9.8         -4.9         18.4        .0              .0
1978    65         15.7          1.8         15.5        .0             4.0
1978    66          1.4         -1.0          1.4        .0              .3
1978    67          4.9         -3.2         18.7        .0             1.5
1978    68         11.0         -7.3         21.4        .0             3.2
1978    69         19.3         -1.9         18.7        .0             6.5
1978    70          9.7         -1.0          7.2        .0             4.2
1978    71         15.3         -3.1         20.0        .0             5.9
1978    72         17.4          4.6         14.2       2.5             8.4
1978    73          8.4          1.1          9.1        .0             5.9
1978    74          8.4           .5         10.0       7.6             4.8
1978    75         10.1         -2.0         21.4        .0             4.1
1978    76         15.9         -2.1         21.9        .0             6.2
1978    77         26.4          -.1         20.8        .0             8.9
1978    78         20.1          4.9         19.9        .0             9.9
1978    79         16.3          6.1          7.9        .0             9.2
1978    80         19.5          1.2         21.0        .0            10.5
1978    81         26.3          7.6         18.8        .0            13.2
1978    82         18.3          3.3          1.9       5.1             9.1
1978    83          4.3           .9          6.2       2.5             4.1
1978    84         10.7         -2.5         23.3        .0             5.0
1978    85         15.0         -2.9         23.8        .0             6.7
1978    86         22.4          3.0         23.3        .0            10.7
1978    87         26.4          6.7         23.1        .0            13.0
1978    88         26.4          8.6         22.4        .0            15.2
1978    89         24.7          7.4         23.8        .0            15.1
1978    90         27.7         12.9         22.2        .0            16.9
1978    91         26.7         10.2         18.3       7.6            17.6
1978    92         25.7         16.4         21.2        .0            18.3
1978    93         22.2         11.5          9.1       5.1            16.5
1978    94         20.7         13.2          9.5        .0            16.1
1978    95         21.8         14.5          8.7       2.5            16.7
1978    96         25.2          8.7         24.5        .0            16.4
1978    97         26.6         12.3         22.7        .0            18.6
1978    98         25.7         16.7         20.7        .0            19.5
1978    99         21.5         11.4         10.8        .0            18.2
1978   100         13.0          2.9         10.4       7.6            10.8
1978   101         17.8           .6         26.3        .0            11.8
1978   102         20.5          7.4         25.5        .0            14.0
1978   103         21.2          7.5         25.5        .0            14.5
1978   104         25.5         10.3         22.7        .0            17.8
1978   105         25.6         12.3         17.8        .0            19.1
1978   106         17.3         11.8          6.1        .0            15.6
1978   107         24.3          7.6         20.3        .0            17.2
1978   108         17.7          5.7         18.9        .0            13.5
1978   109         14.3          3.8         20.9        .0            13.5
1978   110         14.0          -.3         25.9        .0            13.1
1978   111         16.6           .5         23.1        .0            13.2
1978   112         21.9          6.5         24.1        .0            16.6
1978   113         24.2          3.1         27.4        .0            17.0
1978   114         21.8          6.8         26.9        .0            17.5
1978   115         17.8          2.7         25.4        .0            16.0
1978   116         20.5          5.2         24.4        .0            17.5
1978   117         25.7          5.8         24.1        .0            18.5
1978   118         24.8         13.2         21.5        .0            20.6
1978   119         24.3         11.3         16.0        .0            19.0
1978   120         20.1         11.2          6.9      10.2            17.7
1978   121         13.9          8.7          6.4        .0            13.1
1978   122         12.8          4.5         14.0        .0            10.8
1978   123          7.8          5.0          2.6      33.0             9.2
1978   124         13.6          3.9         17.9        .0            11.3
1978   125         14.5          4.6         11.9        .0            11.8
1978   126         18.0          9.3          2.3      10.2            12.7
1978   127         21.1          9.8         20.1       2.5            15.7
1978   128         23.1          7.9         28.5        .0            16.6
1978   129         21.8          7.3         25.8        .0            16.2
1978   130         24.7          7.2         19.7        .0            16.9
1978   131         31.1         16.3         26.5        .0            20.8
1978   132         22.7         10.9         25.9        .0            19.6
1978   133         23.4          8.2         29.3        .0            18.1
1978   134         31.1          8.2         28.7        .0            20.4
1978   135         27.2         12.5         28.7        .0            21.7
1978   136         24.8          8.8         28.2        .0            21.3
1978   137         23.6         12.9         17.5        .0            21.2
1978   138         25.0         15.3         13.7      30.5            20.3
1978   139         29.3         19.1         13.3        .0            22.1
1978   140         23.1         17.3         13.7        .0            20.7
1978   141         21.0         15.6          9.3       5.1            19.7
1978   142         29.5         18.1         20.7        .0            22.8
1978   143         31.7         19.8         27.5        .0            24.8
1978   144         30.6         19.0         26.4        .0            25.0
1978   145         31.0         19.8         25.5        .0            25.2
1978   146         29.1         17.4         20.0        .0            23.9
1978   147         20.9         15.7          5.1      38.1            19.9
1978   148         26.9         14.7         23.3        .0            22.1
1978   149         27.8         14.4         28.2        .0            21.7
1978   150         31.1         13.4         27.4        .0            23.3
1978   151         31.3         18.7         26.6        .0            24.8
1978   152         20.9         15.1          9.7        .0            20.3
1978   153         19.7         13.9          7.1      27.9            18.3
1978   154         26.4         13.5         21.1        .0            20.9
1978   155         27.1         13.7         14.1        .0            20.6
1978   156         26.4         16.0         13.3        .0            20.8
1978   157         28.4         16.3         16.8      10.2            22.5
1978   158         33.1         16.2         27.4        .0            24.1
1978   159         27.6         11.2         28.5        .0            22.5
1978   160         30.6         12.9         26.8        .0            23.3
1978   161         31.8         14.9         29.1        .0            23.4
1978   162         36.3         20.5         28.0        .0            25.8
1978   163         31.4         17.7         29.4        .0            25.9
1978   164         31.3         13.8         26.9        .0            26.2
1978   165         34.2         18.4        999.9        .0           999.9
1978   166         35.0         18.9        999.9        .0           999.9
1978   167         36.7         22.8        999.9        .0           999.9
1978   168         37.2         23.3        999.9        .0           999.9
1978   169         37.2         23.9        999.9        .0           999.9
1978   170         34.4         17.8        999.9      12.7           999.9
1978   171         34.4         17.8        999.9        .0           999.9
1978   172         33.9         19.4        999.9        .0           999.9
1978   173         26.1         18.9        999.9      30.5           999.9
1978   174         33.3         18.3        999.9       2.5           999.9
1978   175         35.0         22.8        999.9        .0           999.9
1978   176         36.7         21.7        999.9        .0           999.9
1978   177         38.9         25.6        999.9        .0           999.9
1978   178         37.8         26.7        999.9        .0           999.9
1978   179         35.6         23.9        999.9        .0           999.9
1978   180         36.1         20.6        999.9        .0           999.9
1978   181         36.7         21.1        999.9        .0           999.9
1978   182         37.8         23.3        999.9        .0           999.9
1978   183         38.9         25.6        999.9        .0           999.9
1978   184         39.4         19.4        999.9        .0           999.9
1978   185         40.6         21.1        999.9        .0           999.9
1978   186         39.4         21.7        999.9        .0           999.9
1978   187         37.8         24.4        999.9        .0           999.9
1978   188         40.6         24.4        999.9        .0           999.9
1978   189         37.8         19.4        999.9      33.0           999.9
1978   190         40.6         23.3        999.9        .0           999.9
1978   191         43.3         25.0        999.9        .0           999.9
1978   192         42.8         21.7        999.9        .0           999.9
1978   193         39.4         20.6        999.9        .0           999.9
1978   194         40.6         25.6        999.9        .0           999.9
1978   195         40.6         23.9        999.9       7.6           999.9
1978   196         39.4         21.1        999.9      15.2           999.9
1978   197         35.6         22.2        999.9       7.6           999.9
1978   198         36.7         20.6        999.9        .0           999.9
1978   199         37.8         21.7        999.9        .0           999.9
1978   200         40.0         26.7        999.9        .0           999.9
1978   201         40.0         26.1        999.9        .0           999.9
1978   202         38.9         23.9        999.9        .0           999.9
