1979   266         29.6          6.3         15.9        .0           999.9   19.5
1979   267         27.5         11.6         16.4        .0            21.1
1979   268         26.1          5.5         16.4        .0            18.9
1979   269         29.6         10.8         16.3        .0            20.0
1979   270         27.3         10.5         16.1        .0            20.6
1979   271         27.3          6.7         16.6        .0            19.5
1979   272         27.5          6.6         15.9        .0            18.7
1979   273         30.2          6.1         16.3        .0            19.1
1979   274         27.1          8.5         16.1        .0            19.4
1979   275         28.6          4.4         15.5        .0            18.6
1979   276         23.0          7.2         15.0        .0            17.4
1979   277         20.2          1.0         15.7        .0            14.3
1979   278         21.4          4.5         13.7        .0            13.8
1979   279         25.0          3.5         15.4        .0            14.9
1979   280         35.8          4.0         14.8        .0            18.7
1979   281         25.2          6.2         14.6        .0            18.6
1979   282         11.8          1.1         13.9        .0             8.6
1979   283         26.7          1.5         11.6        .0            14.2
1979   284         27.1          7.7         14.9        .0            17.7
1979   285         19.6          4.5         12.9        .0            15.0
1979   286         15.2          4.3         13.9        .0            13.3
1979   287         24.4           .3         13.4        .0            13.9
1979   288         28.8         10.2         14.2        .0            17.8
1979   289         18.0          2.9          8.1        .0            15.3
1979   290         17.4           .9         13.1        .0            13.7
1979   291         18.9          1.4         10.9        .0            14.2
1979   292         23.3          1.6         10.3        .0            13.5
1979   293         18.2          6.4         10.4        .0            14.7
1979   294          9.1           .3          1.0      20.3             7.0
1979   295         11.7          -.7         13.5        .0             5.9
1979   296         17.2         -2.8         12.4        .0             7.3
1979   297         20.5         -1.6         13.5        .0             8.6
1979   298         19.6           .7         13.2        .0             8.7
1979   299         26.4         -1.9         13.4        .0            10.1
1979   300         16.6          1.1         13.1        .0             9.9
1979   301         18.3         -2.5         12.9        .0             8.3
1979   302         12.1          1.9          4.0        .0             7.7
1979   303          2.3           .5           .6        .0             3.3
1979   304          3.6         -2.1          8.2        .0             2.1
1979   305          5.0         -5.2         12.3        .0             1.2
1979   306          7.9         -4.0         12.5        .0              .6
1979   307         13.7         -8.3         11.0        .0             1.0
1979   308          8.7         -4.0          6.9        .0             1.0
1979   309          3.4         -4.2          6.8      15.2              .5
1979   310          3.4        -10.5         11.5        .0             -.5
1979   311         10.3         -9.1          9.9        .0             1.5
1979   312          9.4        -12.7          6.0        .0            -1.8
1979   313         10.9        -22.7          9.5       2.5           -11.9
1979   314         19.6        -22.1         10.6        .0           -13.9
1979   315          7.1         -5.3         10.3        .0             1.0
1979   316          5.5         -6.2          7.6        .0             1.5
1979   317          9.8         -6.0         10.6        .0             2.5
1979   318         11.6         -6.3         10.5        .0             3.6
1979   319         15.2         -3.6          9.9        .0             5.8
1979   320         18.3         -3.8         10.3        .0             7.8
1979   321         16.8         -5.2         10.2        .0             7.8
1979   322         15.7         -4.5          8.8        .0             7.3
1979   323          9.6         -3.1          5.7        .0             5.8
1979   324          5.1         -1.9          2.7       7.6             4.1
1979   325         -1.9         -6.6          4.4      30.5              .1
1979   326         -4.9        -10.9          8.7       2.5            -4.2
1979   327         -2.4        -11.7          9.2       5.1            -5.6
1979   328          2.1         -6.9          9.2        .0            -3.1
1979   329           .7         -7.6          8.5        .0            -1.9
1979   330          -.4        -11.2          6.8        .0            -3.1
1979   331         -4.0        -12.4          8.0        .0            -5.4
1979   332         -5.8        -12.5          8.1        .0            -7.1
1979   333         -5.5        -12.9          8.2        .0            -7.7
1979   334         -2.1        -13.6          8.2        .0            -7.1
1979   335          -.2         -9.4          8.3        .0            -4.8
1979   336           .8        -15.0          8.0        .0            -4.8
1979   337          5.5         -2.9          8.2        .0             -.8
1979   338          7.7         -2.7          7.7        .0             2.7
1979   339          7.9          -.2          6.2        .0             4.6
1979   340          7.5         -3.5          5.1        .0             4.2
1979   341          4.2          -.6          4.0        .0             3.6
1979   342          5.1         -3.1          7.6        .0             2.9
1979   343         11.4         -2.2          8.6        .0             4.5
1979   344         15.3         -3.8          7.5        .0             6.4
1979   345          5.1         -9.7          4.7        .0             2.8
1979   346          3.2        -13.6          8.4        .0            -1.6
1979   347          2.2         -8.9          8.4        .0            -2.4
1979   348          9.9         -7.6          8.1        .0              .4
1979   349         10.3         -6.3          7.8        .0             2.7
1979   350         -6.4        -18.4          8.3        .0            -4.4
1979   351         12.7        -13.6          7.1        .0            -3.1
1979   352          7.2         -9.9          7.5        .0            -7.6
1979   353          5.4        -10.5          8.1        .0            -8.0
1979   354          5.5        -13.9          7.5        .0            -8.4
1979   355         13.5        -11.7          7.2        .0            -3.4
1979   356          5.3         -4.4          5.0        .0             -.1
1979   357          4.3         -3.3          4.2        .0             -.2
1979   358          7.4         -6.1          7.5        .0             -.8
1979   359         15.3         -3.5          6.7        .0             -.2
1979   360          9.5         -3.6          6.5        .0              .1
1979   361          5.4         -1.2          2.5        .0              .2
1979   362          1.2         -1.8          2.6       2.5              .0
1979   363          1.8         -4.1          2.8        .0              .0
1979   364          1.0        -12.8          7.1        .0             -.1
1979   365          1.1        -13.5          7.7       2.5             -.8
1980     1          7.0         -8.3          7.4        .0             -.7
1980     2          4.2         -6.1          5.2        .0             -.2
1980     3           .1         -6.8          3.1        .0             -.2
1980     4          3.5         -6.4          6.0        .0             -.7
1980     5          1.1         -8.1          6.9        .0            -1.3
1980     6          1.9        -14.2          6.1        .0            -5.0
1980     7           .2        -15.7          8.0        .0            -5.9
1980     8         -4.3        -20.2          2.6        .0            -6.6
1980     9         -1.9        -20.1          5.9        .0            -6.2
1980    10         10.7        -11.3          5.6        .0            -3.2
1980    11          3.5         -8.1          8.4        .0            -3.1
1980    12          5.5         -5.6          6.8        .0            -1.9
1980    13         14.7          -.6          7.2        .0              .8
1980    14          9.7         -3.0          6.1        .0              .3
1980    15         10.1         -1.4          4.4        .0              .6
1980    16          5.8         -3.3          8.0        .0              .1
1980    17         10.2         -6.1          6.7        .0              .0
1980    18          1.0         -6.6          4.6        .0             -.6
1980    19         -1.6         -7.0          4.0        .0            -1.0
1980    20         -1.1        -12.8          4.7        .0            -1.2
1980    21          2.4        -11.7          4.1        .0            -1.8
1980    22          1.0         -7.4          9.3        .0            -1.9
1980    23          7.5         -2.6          9.2        .0             -.8
1980    24         11.6         -1.0          6.3        .0              .5
1980    25          1.1        -14.8          2.9       2.5             -.2
1980    26        -10.6        -20.7          7.4        .0            -1.6
1980    27        -10.6        -21.6          5.6       5.1            -2.5
1980    28         -5.7        -19.1          6.9        .0            -2.3
1980    29         -9.2        -20.8          6.4        .0            -3.2
1980    30         -7.6        -21.9         10.0        .0            -4.3
1980    31         -3.3        -21.4         10.4        .0            -5.4
1980    32          1.2        -19.0          9.4        .0            -4.4
1980    33          4.7         -3.5          9.6        .0            -2.0
1980    34          4.9         -6.2          9.3        .0            -1.1
1980    35          7.1         -1.4          7.8        .0              .1
1980    36          4.3         -3.6         11.1        .0              .1
1980    37          2.0         -6.1          6.8        .0              .0
1980    38          -.1         -9.6          5.2       5.1             -.1
1980    39         -4.2        -20.1         11.8        .0             -.3
1980    40           .6        -20.2         11.7        .0             -.8
1980    41           .9        -12.4         12.4        .0             -.8
1980    42         -2.1        -16.8         12.0        .0            -1.6
1980    43          2.3        -16.8         11.1        .0            -2.2
1980    44           .1        -14.5         11.1        .0            -2.1
1980    45         -3.0         -9.4          6.8        .0            -1.7
1980    46         -5.6        -12.2          8.9        .0            -2.0
1980    47         -5.3        -18.7         12.4        .0            -2.7
1980    48          2.6        -20.1         12.8        .0            -3.0
1980    49          9.0         -3.3         12.0        .0            -1.0
1980    50         11.1         -2.1         11.9        .0              .0
1980    51         11.0         -1.5         10.3        .0              .1
1980    52          4.0         -1.7          6.0        .0             4.3
1980    53          3.6         -4.2          5.9        .0             2.2
1980    54          1.4         -3.7          6.2        .0              .9
1980    55          6.6         -5.3         11.7        .0             1.4
1980    56          4.5         -9.6         13.7        .0              .2
1980    57         12.4         -4.7         15.0        .0             2.7
1980    58         16.4         -1.7         13.7        .0             6.7
1980    59         11.4         -2.0          6.9        .0             7.1
1980    60        -11.6        -24.5          8.5        .0            -6.0
1980    61          3.1        -19.3         15.5        .0            -9.2
1980    62          9.8         -6.2         14.3        .0            -2.1
1980    63          4.9        -12.3         12.0       2.5             -.6
1980    64         -6.4        -15.4         11.7        .0            -5.6
1980    65           .6        -10.3         12.6        .0            -5.4
1980    66          -.6         -6.0         12.8       2.5            -3.1
1980    67          5.5         -8.0          9.3        .0             -.8
1980    68          9.2         -3.5         14.4        .0             2.3
1980    69          7.8         -1.7         15.0        .0             4.1
1980    70          4.5         -3.9         10.9        .0             3.0
1980    71         10.1         -1.9          4.9        .0             4.1
1980    72          9.8         -1.4          8.9        .0             2.4
1980    73         10.9         -2.9         17.5        .0             2.4
1980    74         16.7          -.7         17.7        .0             5.5
1980    75         20.5         -1.9         16.3        .0             7.4
1980    76          8.3         -6.9          8.5        .0             6.0
1980    77         19.2         -5.9         17.8        .0             6.2
1980    78         15.1         -2.9         17.1        .0             7.3
1980    79         11.8         -2.8         15.5        .0             6.8
1980    80         13.7         -7.2         14.6        .0             5.5
1980    81         11.0         -3.5         16.8        .0             5.1
1980    82          5.8         -6.9         13.6        .0             2.9
1980    83          8.4         -8.9         13.4        .0             1.5
1980    84          7.9         -9.0         19.5        .0             4.5
1980    85          4.7         -3.4         11.5        .0             3.0
1980    86          4.8         -3.8          9.0        .0             3.1
1980    87          5.5         -5.9          5.3      10.2              .9
1980    88           .8         -3.2          6.7      17.8              .7
1980    89          1.0         -2.9         14.4       7.6              .6
1980    90          2.2         -4.2         17.1        .0              .5
1980    91          1.7         -1.4         10.3        .0              .5
1980    92          2.4         -1.4         13.0       5.1              .5
1980    93          3.2         -1.7         10.5      12.7              .4
1980    94          1.8         -4.6         17.6        .0              .4
1980    95          3.0         -6.9         21.9        .0              .4
1980    96          3.4         -3.9         18.2        .0              .3
1980    97          5.4         -1.3         19.2        .0              .3
1980    98          4.5         -1.7         16.3       5.1              .3
1980    99          6.1         -1.5         22.5       2.5              .4
1980   100          8.3         -3.1         22.5        .0             1.0
1980   101         12.5         -1.2         15.8        .0             3.8
1980   102          6.8         -1.8         10.2       2.5             2.8
1980   103          8.7         -2.7         17.1        .0             2.9
1980   104          9.8         -3.3         15.8        .0             3.7
1980   105         15.0         -4.8         24.0        .0             5.9
1980   106         19.5         -1.2         19.9        .0             8.6
1980   107         11.9          1.0         11.7        .0             7.2
1980   108         18.4          -.1         24.6        .0             9.7
1980   109         23.7          -.5         24.4        .0            11.0
1980   110         27.3          1.3         24.6        .0            14.0
1980   111         28.9          3.3         24.6        .0            14.8
1980   112         30.2          2.3         24.8        .0            16.1
1980   113         28.0          4.0         23.9        .0            16.5
1980   114         18.6          5.3         21.0        .0            14.6
1980   115         17.1           .3         23.5        .0            12.8
1980   116         14.8          -.9         23.5        .0            12.2
1980   117         13.2          1.5          7.5        .0            10.9
1980   118         16.3          1.4         16.0        .0            11.9
1980   119         21.1          -.7         25.7        .0            12.9
1980   120         24.1          -.5         25.2        .0            14.3
1980   121         17.9          7.3         10.9        .0            13.1
1980   122         18.6          4.8         14.1        .0            13.2
1980   123         20.5          3.4         19.0        .0            13.7
1980   124         22.2          3.0         21.8        .0            14.2
1980   125         22.2          4.5         18.8        .0            14.1
1980   126         22.1          1.8         18.2        .0            13.6
1980   127         23.4          1.9         18.9        .0            14.0
1980   128         14.7          -.3         24.7        .0            12.9
1980   129         16.0          -.5         21.8        .0            11.2
1980   130         21.0          2.2         17.6       7.6            12.6
1980   131         20.1          7.3         18.3        .0            13.6
1980   132         13.0          2.5         14.3        .0            11.0
1980   133          7.7         -6.6          4.4       2.5             3.1
1980   134         20.4          4.5         22.2        .0             2.9
1980   135         15.9          6.0         15.0      10.2             3.9
1980   136         14.6          6.5         19.1      10.2             4.0
1980   137          9.8          5.1         10.2       5.1             3.3
1980   138         17.4          5.3         10.5        .0             3.7
1980   139         21.2          3.3         18.4        .0             4.2
1980   140         24.5          6.7         22.5        .0             5.1
1980   141         24.9          7.8         23.8        .0             5.7
1980   142         24.2          7.1         25.3        .0             5.8
1980   143         23.6          7.4         25.3        .0             5.7
1980   144         24.5         11.9         20.4        .0             6.2
1980   145         24.7          9.0         20.3        .0             6.2
1980   146         25.6          9.0         22.3        .0             6.2
1980   147         26.6          9.2         24.3        .0             6.4
1980   148         29.0         10.5         19.7        .0             6.8
1980   149         27.1         11.2         24.0        .0             7.0
1980   150         22.8          7.6         20.1       7.6             6.2
1980   151         20.9          9.0         22.7       2.5             5.6
1980   152         23.6          8.3         13.4      17.8             5.6
1980   153         24.5          8.8         22.6        .0             5.9
1980   154         28.8          9.6         23.3        .0             6.5
1980   155         28.4         11.0         26.0        .0            17.8
1980   156         31.9         12.9         28.2        .0            19.8
1980   157         32.2         10.7         28.8        .0            19.3
1980   158         29.3         16.5         21.6        .0            20.3
1980   159         21.7         12.0         23.5        .0            18.3
1980   160         20.1          7.8         18.6        .0            16.2
1980   161         26.5          4.1         29.0        .0            16.2
1980   162         28.0          9.7         27.5        .0            17.9
1980   163         31.2         13.3         27.1        .0            20.1
1980   164         33.9         14.9         27.9        .0            21.6
1980   165         33.7         14.4         28.6        .0            22.7
1980   166         33.3         17.1         25.4        .0            23.5
1980   167         26.2         14.0         22.3       5.1            20.9
1980   168         20.6         13.0         11.0      12.7            18.8
1980   169         25.4         10.5         18.5        .0            17.9
1980   170         31.1         14.2         20.4       2.5            20.1
1980   171         19.4         13.2          8.5       2.5            17.3
1980   172         26.4         11.7         23.3        .0            18.3
1980   173         29.5         11.2         24.4        .0             7.0
1980   174         33.5         14.5         22.5        .0             8.0
1980   175         32.0         16.4         24.1        .0             8.5
1980   176         37.6         16.6         24.9        .0            23.0
1980   177         41.4         17.0         26.8        .0            24.8
1980   178         44.2         20.3         24.2        .0            25.2
1980   179         38.3         10.0         29.3        .0            23.2
1980   180         37.3          8.9         30.0        .0            21.8
1980   181         33.9         10.9        999.9        .0           999.9
1980   182         38.1         17.8        999.9        .0           999.9
1980   183         34.8         17.5        999.9       2.5           999.9
1980   184         27.8         15.3        999.9        .0           999.9
1980   185         33.9         16.1        999.9      10.2           999.9
1980   186         35.6         18.3        999.9        .0           999.9
1980   187         36.7         20.6        999.9        .0           999.9
1980   188         39.4         17.8        999.9        .0           999.9
1980   189         39.4         18.3        999.9        .0           999.9
1980   190         37.8         19.4        999.9        .0           999.9
1980   191         38.3         19.4        999.9        .0           999.9
1980   192         37.8         21.1        999.9        .0           999.9
1980   193         38.3         19.4        999.9        .0           999.9
1980   194         37.8         21.1        999.9        .0           999.9
1980   195         38.9         17.2        999.9        .0           999.9
1980   196         38.9         19.4        999.9        .0           999.9
1980   197         36.1         17.8        999.9       2.5           999.9
1980   198         36.1         16.1        999.9        .0           999.9
1980   199         38.3         18.3        999.9        .0           999.9
1980   200         37.2         17.8        999.9       2.5           999.9
1980   201         31.7         17.8        999.9        .0           999.9
1980   202         35.6         18.3        999.9        .0           999.9
1980   203         31.7         16.7        999.9        .0           999.9
1980   204         34.4         15.0        999.9        .0           999.9
1980   205         33.9         17.2        999.9        .0           999.9
1980   206         35.0         17.8        999.9        .0           999.9
1980   207         34.4         18.3        999.9        .0           999.9
1980   208         29.4         15.0        999.9        .0           999.9
1980   209         35.6         15.6        999.9       2.5           999.9
1980   210         38.9         15.6        999.9        .0           999.9
1980   211         40.0         16.7        999.9        .0           999.9
1980   212         37.8         20.0        999.9        .0           999.9
1980   213         36.7         17.8        999.9        .0           999.9
1980   214         38.9         15.0        999.9        .0           999.9
1980   215         36.1         16.7        999.9        .0           999.9
1980   216         38.3         16.7        999.9        .0           999.9
1980   217         37.8         12.8        999.9        .0           999.9
1980   218         36.1         12.2        999.9        .0           999.9
1980   219         38.9         16.1        999.9        .0           999.9