1977   257         24.6          5.9         21.1        .0           999.9   16.8
1977   258         23.1          5.7         19.5        .0            15.9
1977   259         25.5          9.6         17.3        .0            17.7
1977   260         27.5          8.6         18.3        .0            19.0
1977   261         25.6          9.2         20.4        .0            19.2
1977   262         22.1          2.2         18.7        .0            16.1
1977   263         27.3          9.4         19.3        .0            17.5
1977   264         25.8         12.3         18.0        .0            19.7
1977   265         22.9          4.1         18.9        .0            17.5
1977   266         21.8         14.5         17.1        .0            18.0
1977   267         26.0          3.1         19.5        .0            17.3
1977   268         25.6          7.4         19.3        .0            17.4
1977   269         24.5          3.7         17.3        .0            16.5
1977   270         24.0          4.0         19.0        .0            15.8
1977   271         24.9         11.4         15.8        .0            17.8
1977   272         26.7         13.4         15.0       2.5            20.3
1977   273         22.0         12.8         13.2       5.1            19.9
1977   274         15.5          6.0         14.5       5.1            15.5
1977   275         13.9          1.1         15.4        .0            11.1
1977   276         20.5          2.6         17.0        .0            11.5
1977   277         19.2          6.7         16.0        .0            13.4
1977   278         11.8          3.3          6.6        .0             9.5
1977   279          7.8          5.7          2.5        .0             8.4
1977   280         19.5          3.4         15.3        .0            11.9
1977   281         14.9         -1.1         10.3        .0             8.3
1977   282         22.7          -.3         17.0        .0            11.0
1977   283          8.9          -.9         14.6        .0             7.9
1977   284         11.2         -4.5         16.6        .0             5.5
1977   285         20.1         -4.1         16.4        .0             7.9
1977   286         27.4          -.6         16.4        .0            11.5
1977   287         22.8          2.3         15.5        .0            13.1
1977   288         14.2          -.7         15.2        .0             9.1
1977   289         27.2          -.6         15.8        .0            11.7
1977   290         18.9          4.5         14.1        .0            11.9
1977   291         21.6          -.6         15.0        .0            10.9
1977   292         26.8          2.3         15.0        .0            13.0
1977   293         28.4          -.7         13.7        .0            12.7
1977   294         17.7          5.8         10.7        .0            12.5
1977   295         14.9          -.4         12.0        .0            10.9
1977   296         12.7         -1.7          6.0        .0             7.8
1977   297         16.4          2.0          9.6        .0            10.3
1977   298         25.4          1.0         14.1        .0            10.0
1977   299         27.9          2.3         14.0        .0            11.5
1977   300         17.9          1.9         11.6        .0            10.1
1977   301         20.7          2.6         11.4        .0            11.7
1977   302         22.0          -.8         12.0        .0            12.0
1977   303         18.4          2.0         10.6        .0            12.3
1977   304         13.1          3.3         12.3        .0             9.3
1977   305         19.8         -7.8         12.7        .0             6.6
1977   306         19.7         -8.0         12.9        .0             2.3
1977   307         13.3          1.1         13.3        .0             2.5
1977   308         14.4         -3.0         13.1        .0             2.4
1977   309         14.8          2.2          7.8        .0             2.8
1977   310         14.6          5.2          6.9        .0             3.3
1977   311         11.1          4.3          3.7       5.1             3.2
1977   312          9.2         -2.8          3.6        .0             2.1
1977   313           .8         -6.9         11.7        .0              .3
1977   314          9.8         -8.5         12.4        .0              .0
1977   315         14.8         -3.2         12.3        .0             4.6
1977   316         10.3         -4.9          8.7        .0             5.1
1977   317         17.4         -3.3         11.3        .0             6.9
1977   318         16.6           .6          9.5        .0             9.0
1977   319          8.8          2.4         11.1        .0             8.3
1977   320          5.6         -3.5         10.7        .0             4.9
1977   321          6.6         -2.9         10.8        .0             3.4
1977   322          5.4         -6.0          9.7        .0             2.1
1977   323          1.7         -5.1          8.5        .0              .6
1977   324          -.2        -10.9         10.8        .0            -2.2
1977   325          -.6        -17.5         10.3        .0            -5.6
1977   326          2.4         -9.6          8.5        .0            -4.3
1977   327          3.6         -8.5          6.0        .0            -2.0
1977   328          7.0         -9.1          6.9        .0             -.3
1977   329          7.7         -8.7          9.6        .0              .6
1977   330          6.9         -5.3          3.4       7.6             1.7
1977   331          4.4         -3.8          8.4        .0             1.9
1977   332          6.8         -4.9          8.7        .0             2.2
1977   333          9.6         -6.5          8.1        .0             2.7
1977   334          5.0         -4.8          5.7        .0              .9
1977   335          3.1         -5.5          8.0        .0             1.0
1977   336          7.5         -2.9          5.3        .0             2.3
1977   337         12.3         -2.1          5.1        .0             5.0
1977   338          9.7         -6.5          7.8        .0             3.1
1977   339          3.8        -14.2          6.5        .0             -.3
1977   340        -11.0        -21.8          8.5        .0            -9.3
1977   341         -1.7        -16.1          8.6        .0            -9.9
1977   342         -4.5        -20.4          8.1        .0           -10.1
1977   343        -16.5        -25.8          7.3        .0           -15.5
1977   344         -4.2        -20.4          9.7        .0           -14.1
1977   345         10.3        -14.3          9.1        .0            -6.0
1977   346          8.2         -5.3          5.4        .0              .4
1977   347          7.5         -4.4          9.6        .0             2.7
1977   348         12.2         -4.7          8.4        .0             4.2
1977   349         15.1         -1.0          6.7        .0             6.9
1977   350          6.7          1.3          2.7      12.7             6.6
1977   351          6.2          -.8          6.2        .0             5.1
1977   352          5.1         -9.4          7.9       2.5             1.7
1977   353           .6         -5.8          7.8        .0             -.5
1977   354         -2.1         -7.6          8.3        .0            -2.3
1977   355          4.9        -11.0          9.2        .0            -2.2
1977   356         10.1         -5.4          5.7        .0             1.2
1977   357         12.7         -7.5          8.5        .0             3.5
1977   358          6.2         -9.0          6.5        .0             1.9
1977   359           .2        -11.7          9.6        .0            -1.9
1977   360           .6         -8.1          8.9        .0            -2.8
1977   361          1.5        -13.4          8.2        .0            -3.6
1977   362          9.4        -13.0          9.8        .0            -2.0
1977   363          6.0         -8.8          9.3        .0             -.5
1977   364          4.2         -8.5          5.3        .0             -.3
1977   365         -1.3        -14.6          2.9        .0            -3.7
1978     1         -7.3        -20.6          9.2        .0            -9.3
1978     2          1.0        -16.6         10.1        .0            -8.6
1978     3          5.8        -15.9          8.2        .0            -5.4
1978     4         -2.0        -10.2          4.4        .0            -4.5
1978     5          9.4         -8.4          7.6        .0            -2.9
1978     6          6.6         -6.0          4.8        .0            -2.1
1978     7          7.6        -14.9          7.8        .0            -1.5
1978     8        -13.2        -19.2          6.2        .0            -8.7
1978     9        -15.0        -18.0          3.1        .0           -13.8
1978    10        -14.4        -18.3          3.1        .0           -15.0
1978    11         -8.6        -17.0          4.1        .0           -13.0
1978    12          5.2        -16.7          8.4       2.5            -7.9
1978    13          -.4        -15.3          5.9        .0            -6.8
1978    14           .4        -17.1          8.5        .0            -6.4
1978    15         -7.2        -16.3          2.9        .0            -8.8
1978    16        -15.7        -21.4          9.3        .0           -13.7
1978    17        -12.1        -22.7          9.8        .0           -15.9
1978    18        -13.0        -20.0          5.7        .0           -15.6
1978    19        -14.1        -23.8          9.8        .0           -16.5
1978    20        -12.9        -27.4          9.4        .0           -18.0
1978    21         -2.9        -20.4         10.1        .0           -14.0
1978    22          3.6        -17.3         12.0        .0            -8.4
1978    23           .4        -12.5          5.1        .0            -5.3
1978    24         -3.4        -13.6         10.8        .0            -6.2
1978    25         -5.1        -18.1          7.2        .0            -8.6
1978    26         16.8        -17.9          5.9        .0            -3.8
1978    27         -1.1        -15.2         10.9        .0            -4.2
1978    28         -7.1        -14.2          5.4        .0            -7.4
1978    29         -7.8        -12.8          5.7        .0            -8.8
1978    30         -5.8        -18.8         12.1        .0           -10.0
1978    31         -1.2        -18.7          6.1        .0            -9.4
1978    32        -13.3        -22.5         11.8        .0           -13.1
1978    33          -.4        -22.2          6.2        .0           -12.2
1978    34          8.2        -16.4         11.4        .0            -6.5
1978    35          4.8         -4.9         12.4        .0              .0
1978    36         -5.0        -11.0          3.6        .0            -3.3
1978    37        -11.3        -15.0          3.2        .0            -8.7
1978    38        -13.0        -16.5          5.7        .0           -12.2
1978    39        -12.5        -14.7          5.2        .0           -12.6
1978    40         -7.7        -14.4         12.3       5.1           -10.9
1978    41         -6.4        -13.6          4.6        .0            -9.3
1978    42         -6.0        -10.0          4.2        .0            -7.6
1978    43         -5.6         -8.7          4.3      10.2            -6.2
1978    44         -8.8        -14.1          9.5       2.5            -8.2
1978    45         -9.4        -20.0          4.4        .0           -11.4
1978    46         -9.0        -23.1         15.3        .0           -13.7
1978    47        -10.7        -23.1         14.3        .0           -15.0
1978    48         -7.3        -27.2         14.7        .0           -15.6
1978    49         -4.0        -20.0         13.6        .0           -13.0
1978    50           .0        -11.4         10.2        .0            -7.6
1978    51         -2.3        -12.6         12.2        .0            -5.7
1978    52          2.8        -20.7         16.0        .0            -6.7
1978    53          4.3         -4.8         15.5        .0            -2.6
1978    54         10.0         -7.1         16.5        .0             1.4
1978    55          6.4         -3.9         12.7        .0             2.7
1978    56          -.4         -6.0          5.1        .0              .3
1978    57          4.3         -6.4          4.9        .0             -.1
1978    58          1.0         -4.6          4.9       2.5             -.2
1978    59         -4.3        -11.1         12.0       2.5            -3.4
1978    60         -7.0        -20.9          7.5        .0            -9.2
1978    61         -7.7        -13.4         14.7        .0           -10.1
1978    62        -12.6        -21.9         17.7        .0           -13.1
1978    63         -1.0        -26.5         18.0        .0           -13.3
1978    64          2.1         -9.4         15.0        .0            -7.2
1978    65          -.6         -4.9          6.6        .0            -2.6
1978    66          1.4         -6.7          9.0        .0            -1.3
1978    67          4.9         -4.2         13.4        .0              .5
1978    68         11.0         -5.8         17.2        .0             2.8
1978    69          8.6         -3.0         10.4        .0             4.0
1978    70          8.6         -5.6         16.4        .0             3.6
1978    71          8.4         -4.4         11.0        .0             3.4
1978    72          7.8         -1.7          5.6        .0             4.0
1978    73          7.8         -5.1         16.1        .0             3.5
1978    74          5.6         -5.7         16.0        .0             2.2
1978    75          5.5         -6.6         18.1        .0             1.3
1978    76         16.9         -2.8         16.8        .0             5.1
1978    77         20.5         -3.4         19.4        .0             3.1
1978    78         15.2         -4.2         18.1        .0             8.3
1978    79         15.5         -1.0         19.7        .0             8.2
1978    80         21.7          1.6         20.1        .0             7.3
1978    81         19.2          1.1         19.4        .0            11.9
1978    82          6.2         -2.9          7.0        .0             7.2
1978    83          8.1         -4.8         18.2        .0             3.9
1978    84         10.1         -2.2         17.5        .0             4.4
1978    85         17.2         -4.0         20.1        .0             2.0
1978    86         22.6         -1.3         21.0        .0             3.2
1978    87         22.2          2.5         21.0        .0            11.1
1978    88         21.0           .1         20.0        .0            12.9
1978    89         29.7          3.1         22.5        .0            15.4
1978    90         27.9          6.5         22.1        .0            17.0
1978    91         21.7          1.6         19.2        .0             5.1
1978    92         20.8           .4         21.7        .0             4.3
1978    93         19.4          3.3         21.4        .0             4.1
1978    94         18.7          1.5         21.0        .0             3.9
1978    95         23.3          7.7         20.6        .0            17.5
1978    96         22.6           .9         22.6        .0            15.9
1978    97         27.7          5.3         23.5        .0            18.2
1978    98         20.3          4.1         15.6        .0            16.6
1978    99         17.2           .9          2.4       2.5             4.0
1978   100          9.0         -2.1         20.4        .0             2.4
1978   101         22.6         -3.3         21.1        .0             2.8
1978   102         20.4          -.8         22.6        .0             3.4
1978   103         18.8         -1.8         19.3        .0            12.0
1978   104          9.9          4.0          7.4        .0             8.8
1978   105          5.2          2.4          2.6        .0             6.4
1978   106          5.4          2.1          3.4        .0             5.8
1978   107         13.0          2.5         11.4       2.5             6.9
1978   108          5.6          2.0          6.5       2.5             4.2
1978   109          9.0         -4.3         11.4        .0             4.7
1978   110         11.9         -6.2         21.7        .0             6.7
1978   111         10.7         -2.9         14.7        .0             5.4
1978   112         12.3           .2         16.2        .0             7.1
1978   113         17.0         -1.7         25.0        .0            10.0
1978   114         15.7          -.2         26.3        .0            11.2
1978   115         16.9         -4.1         25.2        .0            12.5
1978   116         19.5          3.6         21.2        .0            13.8
1978   117         24.1          8.2         21.7       7.6            15.8
1978   118         22.7          2.5         20.9       2.5            14.2
1978   119         17.9          5.1         18.3        .0            12.7
1978   120         10.8          6.3          4.3        .0            10.5
1978   121         12.1          5.0         15.8        .0            10.3
1978   122         14.1          -.1         26.8        .0            11.7
1978   123         13.6         -1.2         24.3        .0            11.0
1978   124         10.3         -1.8         14.6        .0             9.0
1978   125         12.0          2.8         13.6        .0             9.9
1978   126          8.6          -.6          7.8      10.2             2.0
1978   127         12.1           .2         21.9       2.5             2.1
1978   128         12.7          4.4         25.6        .0             2.8
1978   129         19.6           .6         26.8        .0             3.4
1978   130         27.3          3.1         27.4        .0             4.6
1978   131         23.9          5.3         22.8        .0            17.1
1978   132         17.2          5.7         25.1       2.5            14.7
1978   133         24.8          1.0         28.7        .0            16.9
1978   134         28.1          2.2         27.7        .0            18.8
1978   135         26.6          9.0         28.0        .0            20.7
1978   136         21.1          8.8         26.6        .0            20.0
1978   137         16.0         10.0          5.5        .0            15.2
1978   138         23.0          5.9         27.8       7.6            17.3
1978   139         23.3          3.6         29.1        .0            16.8
1978   140         22.2          4.4         26.5        .0            17.9
1978   141         24.0          7.2         25.6        .0            19.3
1978   142         22.1         12.2         11.4       5.1            17.7
1978   143         27.7         13.3         23.7        .0            20.5
1978   144         30.7         11.9         22.1        .0            20.6
1978   145         29.8         13.6         27.5        .0            23.3
1978   146         27.9         14.2         27.3        .0            24.0
1978   147         24.6         11.7         18.5      20.3            19.4
1978   148         13.7          9.8          3.9       5.1            14.2
1978   149         24.2          9.6         27.7        .0            17.5
1978   150         24.5          9.4         27.6        .0            18.2
1978   151         18.1          6.3         17.7       2.5            14.7
1978   152         16.0          5.0         15.1        .0            13.7
1978   153         16.9          4.0         10.7        .0            13.2
1978   154         22.8          4.5         21.4        .0            16.1
1978   155         23.0         10.2         14.7        .0            16.9
1978   156         16.7         10.0          8.3      10.2            15.3
1978   157         24.7          7.5         28.2        .0             5.5
1978   158         22.8          8.9         25.5        .0             5.7
1978   159         25.4          6.5         26.7        .0             5.8
1978   160         32.5          7.9         29.7        .0            20.1
1978   161         36.6         16.0         26.6        .0            24.2
1978   162         25.9          9.1         29.6        .0            23.7
1978   163         27.6          5.8         29.7        .0            22.7
1978   164         31.3         11.6         29.1        .0            25.2
1978   165         37.3         16.7         28.2        .0            28.1
1978   166         39.9         14.7         29.4        .0            29.7
1978   167         32.5         14.9         29.6        .0            29.5
1978   168         27.3         11.8         26.9        .0            27.4
1978   169         29.6          6.5         28.5        .0            26.9
1978   170         34.1         15.9         28.2        .0            28.8
1978   171         27.8         10.9         26.9        .0            26.5
1978   172         28.3         12.8         22.9        .0            26.2
1978   173         32.3         17.5         19.6        .0            27.1
1978   174         36.0         16.8         27.0       5.1            29.6
1978   175         37.5         17.1         24.9        .0            26.9
1978   176         37.1         17.0         26.2        .0            27.6
1978   177         31.0         15.2         28.4       2.5            25.3
1978   178         31.4         15.3         27.1        .0            27.5
1978   179         36.9         18.9         25.1        .0            29.9
1978   180         36.0         16.1         26.4        .0            30.7
1978   181         35.5         14.7         25.6        .0            30.7
1978   182         34.5         16.1         28.5        .0            29.5
1978   183         36.6         13.9         23.8      12.7            29.0
1978   184         39.8         17.2         28.6        .0            26.0
1978   185         41.8         22.1         27.9        .0            28.5
1978   186         35.6         19.2         28.3        .0            30.6
1978   187         30.1         14.1         23.3        .0            28.1
1978   188         30.6         12.5        999.9        .0            29.0
1978   189         38.9         17.2        999.9        .0            29.0
1978   190         38.9         16.7        999.9        .0            29.0
1978   191         28.3         11.3        999.9        .0            29.0
1978   192         35.6         16.7        999.9        .0            29.0
1978   193         37.2         16.7        999.9        .0            29.0
1978   194         36.1         16.1        999.9       5.1            29.0
1978   195         36.1         18.3        999.9        .0            29.0
1978   196         37.2         17.8        999.9        .0            29.0
1978   197         37.8         21.1        999.9        .0            29.0
1978   198         38.9         20.0        999.9        .0            29.0
1978   199         35.6         20.0        999.9        .0            29.0
1978   200         35.0         17.8        999.9       5.1            29.0
1978   201         33.3         17.2        999.9      30.5            29.0
1978   202         26.7         16.7        999.9       2.5            29.0
1978   203         26.7         13.9        999.9       5.1            29.0
1978   204         28.9         10.6        999.9        .0            29.0
1978   205         37.2         14.4        999.9        .0            29.0
1978   206         39.4         15.6        999.9        .0            29.0
1978   207         36.7         15.6        999.9        .0            29.0
1978   208         37.2         15.0        999.9        .0            29.0
1978   209         38.9         17.8        999.9        .0            29.0
1978   210         38.3         17.8        999.9        .0            29.0
1978   211         32.2         16.7        999.9       2.5            29.0
1978   212         26.7         15.0        999.9        .0            29.0
1978   213         28.9         15.0        999.9      10.2            29.0
1978   214         31.7         13.9        999.9       2.5            29.0
1978   215         23.3          8.9        999.9      10.2            29.0
1978   216         22.2         13.3        999.9        .0            29.0
1978   217         30.6         10.0        999.9        .0            29.0
1978   218         33.3         12.2        999.9        .0            29.0
1978   219         34.4         16.1        999.9        .0            29.0
1978   220         35.0         16.7        999.9        .0            29.0
1978   221         33.3         15.0        999.9        .0            29.0
1978   222         35.0         14.4        999.9        .0            29.0
1978   223         36.1         16.1        999.9        .0            29.0
1978   224         36.7         15.6        999.9        .0            29.0