1978   259         29.4         14.0         20.3        .0           999.9   23.2
1978   260         19.5          8.7         12.9       2.5            15.6
1978   261         29.6          7.6         16.0        .0            18.7
1978   262         30.1          8.5         14.5        .0            20.1
1978   263         15.8          5.5         17.3        .0            16.0
1978   264         20.2          1.4         19.1        .0            13.0
1978   265         23.1          4.8         19.4        .0            14.0
1978   266         29.6          3.3         19.4        .0            16.5
1978   267         27.5         10.0         17.8        .0            19.0
1978   268         25.4         10.0         18.0        .0            19.5
1978   269         28.1          7.8         18.3        .0            19.4
1978   270         26.2          5.9         18.1        .0            18.4
1978   271         30.1          8.7         16.8        .0            19.6
1978   272         27.0          9.5         15.5        .0            20.0
1978   273         24.4          1.7         18.2        .0            17.0
1978   274         30.5          6.7         17.1        .0            18.1
1978   275         26.2          6.9         15.8        .0            18.5
1978   276         18.6          2.4         17.2        .0            14.9
1978   277         19.7          1.6         16.4        .0            12.6
1978   278         16.5          -.1         17.4        .0            10.8
1978   279         18.2         -4.2         17.3        .0             9.3
1978   280         20.6         -2.4         17.1        .0             9.8
1978   281         26.4          1.0         16.3        .0            12.9
1978   282         23.8          5.7         16.6        .0            15.4
1978   283         24.4           .6         16.6        .0            14.9
1978   284         23.4          7.3         15.9        .0            15.8
1978   285         20.0          3.1         13.4        .0            14.5
1978   286         13.2         -1.5         15.8        .0            10.3
1978   287         14.5         -2.4         16.0        .0             8.0
1978   288         20.4          2.1         15.8        .0            10.4
1978   289         17.6         -3.5         15.2        .0            10.0
1978   290         20.8         -1.9         13.0        .0            11.1
1978   291         16.8          3.2         14.6        .0            12.1
1978   292         26.2          2.2         15.2        .0            12.4
1978   293         30.7          4.3         13.2        .0            14.0
1978   294         22.6         12.8          7.7        .0            14.9
1978   295         15.1           .2          5.5       7.6             7.0
1978   296         12.9         -1.8         14.6        .0             6.6
1978   297         22.1          1.2         13.3        .0             8.9
1978   298          9.7          -.3          8.9        .0             7.4
1978   299         17.8         -2.1         14.2        .0             6.6
1978   300         18.4         -1.6         13.9        .0             8.0
1978   301         24.6           .0         13.9        .0             8.9
1978   302         24.0         -3.3         13.7        .0             9.3
1978   303         12.8           .0         12.8        .0             8.8
1978   304         14.5          1.4         12.0        .0             9.1
1978   305         23.2          1.4         12.5        .0             9.9
1978   306         25.3          1.0         13.0        .0            10.4
1978   307         25.1          1.2         13.1        .0            10.0
1978   308         23.4         -2.1         12.7        .0            10.9
1978   309          9.6           .2          6.5        .0             8.9
1978   310         10.9         -7.0         11.4        .0             6.7
1978   311         19.8         -1.5         11.8        .0             8.3
1978   312         23.1          4.4         13.7        .0             9.4
1978   313         17.2          1.0         18.4        .0             8.3
1978   314          1.9         -5.1          4.5        .0             3.4
1978   315         -5.1         -6.5          4.5        .0              .9
1978   316           .6         -6.1          4.4        .0             1.7
1978   317          1.8         -6.7         11.9        .0             1.4
1978   318         -2.3         -7.2          4.8        .0             -.3
1978   319          3.3         -5.9          4.3        .0             1.5
1978   320          5.4         -4.5          4.8        .0             2.8
1978   321         10.2         -6.1         11.4        .0             1.2
1978   322          1.2        -11.0         10.1        .0              .1
1978   323         -9.9        -14.8          4.4        .0            -2.6
1978   324        -10.5        -12.7          4.9        .0            -1.4
1978   325         -7.5        -11.3          4.2        .0            -1.0
1978   326          -.5         -8.1          4.1        .0             -.7
1978   327         11.3         -3.2         10.2        .0              .4
1978   328         11.2         -5.1          9.3        .0              .3
1978   329          5.1         -4.1          3.9       7.6              .5
1978   330         -1.3         -6.4          3.9       2.5              .8
1978   331           .0        -11.1          6.5        .0              .8
1978   332         13.0         -8.6          7.0        .0              .7
1978   333          3.1         -6.5          9.5        .0              .7
1978   334          7.0         -9.3          9.9        .0              .6
1978   335          -.5        -11.1          4.4        .0              .6
1978   336        -10.7        -15.5          5.4       2.5              .3
1978   337        -11.4        -18.4          9.8        .0              .1
1978   338          4.3        -13.4          9.6        .0              .2
1978   339         -1.9         -8.1          6.2        .0              .3
1978   340         -7.7        -15.6          7.5        .0              .2
1978   341        -14.3        -25.1          8.8        .0              .0
1978   342        -14.0        -16.1         10.2        .0             -.9
1978   343         -3.8        -18.7          9.5        .0            -1.4
1978   344          1.0         -9.9          7.4        .0             -.9
1978   345           .3        -13.2          9.6        .0            -1.0
1978   346          5.1         -5.4          7.6        .0             -.4
1978   347          5.4        -10.0          9.7        .0             -.9
1978   348          2.4         -9.4          9.1        .0            -1.0
1978   349          5.4         -6.8          9.3        .0             -.9
1978   350         -1.5        -11.9          9.7        .0            -1.4
1978   351          -.2        -11.5          6.5        .0            -1.6
1978   352          4.5         -5.8          6.2        .0             -.9
1978   353          2.4         -7.7          6.8        .0             -.5
1978   354         -2.8         -8.6          9.4        .0             -.8
1978   355          3.0         -8.5          8.8        .0            -1.3
1978   356          2.8        -11.9          9.4        .0            -1.3
1978   357           .1        -16.1          7.2        .0            -1.1
1978   358          3.7        -14.5          9.2        .0            -1.8
1978   359           .1        -11.4          8.6        .0            -1.2
1978   360         -1.5        -12.6          9.3        .0            -2.2
1978   361           .9        -13.3          8.7        .0            -2.6
1978   362           .8        -14.5          9.1        .0            -2.2
1978   363        -12.9        -21.3          5.3        .0            -3.3
1978   364        -17.0        -27.6          6.9        .0            -3.8
1978   365        -16.6        -25.5          8.4        .0            -4.2
1979     1        -15.2        -27.5          8.9        .0            -5.6
1979     2         -7.7        -18.8          6.9        .0            -5.9
1979     3         -4.6        -17.3          8.9        .0            -5.5
1979     4        -12.8        -19.0          5.4        .0            -4.8
1979     5        -13.6        -23.9          9.6        .0            -3.9
1979     6        -11.6        -21.0          9.1        .0            -4.0
1979     7        -12.5        -21.8         10.2        .0            -4.8
1979     8         -6.3        -20.8         10.3        .0            -5.7
1979     9         -5.8        -20.3          8.3        .0            -5.6
1979    10        -10.7        -14.1          7.1        .0            -4.9
1979    11         -1.0        -11.2          7.1        .0            -4.2
1979    12         -7.1        -18.4          4.1        .0            -4.0
1979    13        -16.7        -25.0         10.3        .0            -5.8
1979    14        -13.1        -25.2         10.3        .0            -7.1
1979    15         -3.1        -18.3         10.3        .0            -6.4
1979    16         -1.1        -17.4         11.0        .0            -6.1
1979    17          3.9        -14.1         10.6        .0            -5.4
1979    18          -.3         -8.9          3.6       7.6            -4.0
1979    19           .1         -8.4         11.9        .0            -2.8
1979    20          -.9         -9.0         10.9        .0            -2.7
1979    21          2.4        -12.4         10.3        .0            -2.9
1979    22          4.0        -13.0          7.7        .0            -2.6
1979    23         -8.1        -21.1         11.5        .0            -4.1
1979    24          2.8        -15.4         11.1        .0            -4.5
1979    25         -4.0        -11.5          6.7        .0            -3.9
1979    26         -7.8        -16.5         10.7        .0            -3.8
1979    27        -12.1        -21.2         11.3        .0            -5.1
1979    28         -8.7        -23.5         12.2        .0            -6.3
1979    29        -13.8        -20.4          7.4        .0            -6.5
1979    30        -14.4        -24.6         12.2        .0            -6.0
1979    31        -12.2        -26.6         12.9        .0            -6.3
1979    32        -11.4        -22.9         12.5        .0            -6.5
1979    33        -13.6        -27.6         11.5        .0            -6.5
1979    34         -5.4        -21.4         13.2        .0            -6.5
1979    35        -10.4        -22.1         10.8        .0            -6.1
1979    36         -1.5        -16.7         13.2        .0            -6.1
1979    37         -2.5        -16.4         12.2        .0            -5.1
1979    38          3.0        -14.2          8.9        .0            -4.8
1979    39          -.5        -19.4         13.6        .0            -4.7
1979    40          2.1        -15.9         13.2        .0            -5.2
1979    41          4.1         -5.1         13.5        .0            -3.8
1979    42          4.0         -8.6         11.8        .0            -2.5
1979    43          4.9         -8.8         11.8        .0            -1.7
1979    44          5.1         -8.5         11.4        .0            -1.2
1979    45          9.5         -3.4         12.4        .0             -.5
1979    46         -2.7        -20.7         14.5        .0            -2.6
1979    47        -14.0        -21.4         10.5        .0            -6.0
1979    48         -4.7        -16.2         12.9        .0            -6.1
1979    49          8.1        -11.9         15.4        .0            -3.6
1979    50         12.7         -7.0         14.2        .0            -1.2
1979    51          4.9         -6.4         11.8        .0             -.8
1979    52          4.1         -6.1         11.7        .0            -1.3
1979    53          3.5         -7.9         13.4        .0              .3
1979    54         -2.9         -9.9         13.1        .0            -2.2
1979    55          1.3         -8.9         11.0        .0            -2.1
1979    56         10.0         -7.2         13.8        .0            -1.0
1979    57          9.4         -2.0         14.1        .0             3.7
1979    58           .3         -2.5          2.9       5.1             2.4
1979    59          2.2         -7.1         13.0        .0              .1
1979    60          3.1         -6.2         13.1        .0             -.3
1979    61          3.6         -7.5          5.5        .0             -.3
1979    62         -1.9         -9.8         14.5        .0            -2.5
1979    63          4.0        -11.0         17.7        .0            -2.7
1979    64         10.5         -6.0         17.8        .0              .9
1979    65         10.3          -.6         15.8        .0             4.6
1979    66         13.7           .9         16.3        .0             2.9
1979    67          8.4         -1.3         11.6        .0             6.5
1979    68          5.7         -3.1         15.4        .0             4.2
1979    69          9.6         -5.8         18.4        .0             1.4
1979    70         18.6           .9         19.0        .0             4.8
1979    71         21.6         -1.1         19.1        .0             5.9
1979    72          7.9         -2.1         14.1        .0             2.8
1979    73         14.0         -9.3         19.4        .0             3.8
1979    74         11.2         -4.3         16.8        .0             4.0
1979    75         15.1          1.8         13.9        .0             6.6
1979    76         17.6          1.5         16.2        .0             9.2
1979    77          8.8         -1.6          3.8      10.2             3.2
1979    78          3.5         -4.2         17.4       2.5              .9
1979    79          3.7         -5.5         12.2        .0             2.1
1979    80          5.4          1.3          2.9      15.2             4.0
1979    81          3.4           .0          3.9      10.2             1.5
1979    82          5.6         -1.0         16.3        .0             2.1
1979    83          9.4         -3.0         19.8        .0             4.1
1979    84         11.4         -2.6         17.7        .0             4.9
1979    85           .0         -5.6         13.6        .0             1.7
1979    86          3.1         -2.2          4.9       2.5             1.5
1979    87         19.6           .0         17.4        .0             7.9
1979    88          8.8           .3          8.5       2.5             5.6
1979    89          8.7          -.2         22.1       5.1             6.6
1979    90          2.0         -1.2          5.5        .0             2.2
1979    91           .4         -4.0         10.7       2.5             1.2
1979    92          4.4         -3.2         11.1        .0             2.7
1979    93          1.7         -3.2         10.6        .0             1.9
1979    94         10.8         -3.1         22.6        .0             4.6
1979    95         12.1         -3.9         21.9        .0             5.4
1979    96         11.8         -5.5         23.0        .0             5.2
1979    97         23.7          -.8         23.2        .0            11.9
1979    98         14.5          -.2         24.2        .0            10.0
1979    99         18.9         -2.3         23.6        .0            10.8
1979   100          7.4          2.6          2.3       2.5             4.9
1979   101          6.1          -.9          3.9      17.8             4.1
1979   102          5.4          -.5         20.9       2.5             3.0
1979   103         14.9          -.6         21.0        .0             6.8
1979   104         18.1           .5         24.1        .0            10.6
1979   105         25.4          3.4         25.2        .0            13.9
1979   106         26.2          3.7         23.8        .0            15.7
1979   107         26.7          9.8         17.8        .0            17.6
1979   108         19.9         12.7         18.7        .0            16.9
1979   109         21.9          7.9         24.8        .0            18.6
1979   110         17.3          3.5         25.6        .0            13.6
1979   111         22.7          3.7         21.1        .0            14.9
1979   112         26.7          5.9         24.1        .0            17.8
1979   113         25.4          9.7         20.8        .0            18.3
1979   114         21.8         10.1         18.1        .0            17.5
1979   115         14.6          -.5         13.6       2.5            11.8
1979   116         14.8          -.7         16.8        .0            12.0
1979   117         12.3          -.3         23.1        .0            12.5
1979   118         18.2         -3.5         22.7        .0             2.6
1979   119         18.1         -2.4         24.6        .0             2.8
1979   120         16.6         -1.5         25.4        .0             2.9
1979   121         14.0          4.7          9.9        .0             3.2
1979   122         13.1          5.3         16.3        .0             3.4
1979   123         11.4          -.2         19.9        .0            13.4
1979   124         20.1         -3.3         27.0        .0            16.2
1979   125         28.6          6.5         23.2        .0            19.6
1979   126         31.6          7.1         25.6        .0            21.9
1979   127         21.9          5.1         26.2       5.1            20.7
1979   128          6.7          2.3          3.2       5.1             8.3
1979   129          3.9         -1.2          6.8       7.6             5.6
1979   130          6.1         -1.9         19.4       2.5             6.3
1979   131         16.3          -.6         27.8        .0            11.7
1979   132         16.2          3.2         25.6        .0            12.9
1979   133         21.1          2.1         26.5        .0            14.9
1979   134         21.4          6.2         27.0        .0            17.6
1979   135         21.9          8.1         17.9        .0            17.5
1979   136         29.5         10.3         23.2        .0            20.1
1979   137         23.3          8.5         17.8        .0            18.3
1979   138         21.0          9.3         15.0        .0            18.1
1979   139         22.5          8.1         15.1        .0            17.8
1979   140         13.7          5.9         14.0        .0            14.9
1979   141         21.1          6.4         22.5        .0            17.5
1979   142         21.5          5.6         11.8        .0            15.1
1979   143         18.0          4.2         20.8        .0            15.2
1979   144         21.7          2.3         27.7        .0            17.4
1979   145         23.1          4.7         23.3        .0            19.3
1979   146         26.3          8.3         25.4       2.5            20.9
1979   147         29.1          5.2         26.9        .0            23.1
1979   148         31.2         13.5         28.6        .0            25.9
1979   149         27.8         10.3         11.6      63.5            19.1
1979   150         13.8          6.8         15.8        .0            14.4
1979   151         18.0          6.3         21.0        .0            15.4
1979   152         20.5          5.3         27.4        .0            16.9
1979   153         24.2          7.2         23.3        .0            18.1
1979   154         28.6         10.0         25.6        .0            20.1
1979   155         29.1         11.9         25.9        .0            21.2
1979   156         32.9         12.0         24.8        .0            22.3
1979   157         25.1         14.0         26.1       7.6            23.0
1979   158         17.4          8.5         11.7      10.2            16.7
1979   159         11.9          7.8          6.0       7.6            12.4
1979   160         12.1          6.3          7.8      17.8            11.2
1979   161         25.1          5.5         27.8        .0            17.1
1979   162         30.0          9.8         27.3        .0            20.3
1979   163         33.4         13.2         28.0        .0            22.5
1979   164         36.2         10.6         26.0        .0            23.6
1979   165         38.5         17.5         23.8        .0            24.4
1979   166         28.6         17.0         24.0        .0            24.1
1979   167         27.1         12.9         21.7       7.6            23.2
1979   168         14.4         10.7          7.2       5.1            16.0
1979   169         19.5         11.4          5.4        .0            16.8
1979   170         20.3         12.8         14.5        .0            17.1
1979   171         26.3         11.4         26.1        .0            20.4
1979   172         34.2         14.3         25.6        .0            23.6
1979   173         22.4          9.8          9.1        .0            19.5
1979   174         27.1         15.5         15.7       5.1            20.2
1979   175         24.5         12.0         13.3      15.2            19.7
1979   176         28.0          8.5         23.2      15.2            22.2
1979   177         32.7         13.9         24.5        .0            24.5
1979   178         26.9         15.7         21.1       7.6            23.6
1979   179         30.5         11.8         25.5        .0            24.4
1979   180         29.1         13.7         25.0        .0            24.9
1979   181         31.3         14.8         22.3        .0            25.4
1979   182         32.5         15.2         25.8        .0            26.3
1979   183         33.2         16.0         22.9      15.2            25.5
1979   184         34.6         18.4         15.7        .0            24.9
1979   185         26.4         16.9         15.3        .0            23.2
1979   186         21.0         14.1          7.9      20.3            20.0
1979   187         18.8         13.6          7.3        .0            18.6
1979   188         32.0         15.5         26.9        .0            24.4
1979   189         35.0         12.4         26.9        .0            25.6
1979   190         32.8         17.7         26.0        .0            26.1
1979   191         34.8         16.6         26.4        .0            26.8
1979   192         38.8         17.2         28.4        .0            28.1
1979   193         37.2         16.7        999.9        .0            24.3
1979   194         32.8         20.0        999.9        .0            24.3
1979   195         33.9         15.0        999.9        .0            24.3
1979   196         33.3         16.1        999.9        .0            24.3
1979   197         25.6         17.2        999.9        .0            24.3
1979   198         24.4         15.6        999.9       2.5            24.3
1979   199         29.4         16.7        999.9        .0            24.3
1979   200         31.7         14.4        999.9        .0            24.3
1979   201         32.8         15.0        999.9        .0            24.3
1979   202         35.6         16.1        999.9        .0            24.3
1979   203         35.0         17.2        999.9        .0            24.3
1979   204         35.0         17.8        999.9        .0            24.3
1979   205         29.4         17.8        999.9        .0            24.3
1979   206         30.6         13.9        999.9        .0            24.3
1979   207         33.9         17.2        999.9        .0            24.3
1979   208         33.3         15.6        999.9       7.6            24.3
1979   209         31.7         16.7        999.9      10.2            24.3
1979   210         33.9         20.0        999.9        .0            24.3
1979   211         32.2         18.3        999.9        .0            24.3
1979   212         29.4         14.4        999.9        .0            24.3
1979   213         32.2         13.9        999.9        .0            24.3
1979   214         32.8         13.3        999.9        .0            24.3
1979   215         35.6         15.0        999.9        .0            24.3
1979   216         40.0         14.4        999.9        .0            24.3
1979   217         40.0         15.6        999.9        .0            24.3
1979   218         37.8         17.2        999.9        .0            24.3
1979   219         37.8         16.1        999.9        .0            24.3
1979   220         38.3         19.4        999.9        .0            24.3
1979   221         37.8         19.4        999.9        .0            24.3
1979   222         32.8         15.6        999.9        .0            24.3
1979   223         30.0         11.1        999.9        .0            24.3
1979   224         35.0         13.9        999.9        .0            24.3
1979   225         33.9         17.2        999.9        .0            24.3
1979   226         25.6         12.8        999.9        .0            24.3
1979   227         14.4         10.0        999.9       2.5            24.3