    2001       1     3.5    -4.7    3.299        1.5   999.9
    2001       2     3.6    -4.6    4.195        1.6   999.9
    2001       3     3.6    -4.5    1.018        1.6   999.9
    2001       4     3.7    -4.4    6.043        1.6   999.9
    2001       5     3.8    -4.3    6.355        1.6   999.9
    2001       6     3.9    -4.2    3.688        1.6   999.9
    2001       7     3.9    -4.2    3.857        1.6   999.9
    2001       8     4.0    -4.1    4.742        1.6   999.9
    2001       9     4.1    -4.0    4.495        1.6   999.9
    2001      10     4.2    -3.9    1.186        1.6   999.9
    2001      11     4.3    -3.9    3.468        1.6   999.9
    2001      12     4.4    -3.9    4.158        1.6   999.9
    2001      13     4.5    -3.8    1.423        1.6   999.9
    2001      14     4.6    -3.7    3.389        1.6   999.9
    2001      15     4.7    -3.7    3.137        1.6   999.9
    2001      16     4.8    -3.7    6.289        1.5   999.9
    2001      17     4.9    -3.6    6.569        1.6   999.9
    2001      18     5.0    -3.6    4.400        1.6   999.9
    2001      19     5.1    -3.6    5.104        1.6   999.9
    2001      20     5.1    -3.6    5.881        1.5   999.9
    2001      21     5.2    -3.5    2.264        1.5   999.9
    2001      22     5.3    -3.5    2.431        1.5   999.9
    2001      23     5.3    -3.4    1.630        1.5   999.9
    2001      24     5.4    -3.3    2.825        1.4   999.9
    2001      25     5.4    -3.3    4.651        1.4   999.9
    2001      26     5.6    -3.2    8.494        1.4   999.9
    2001      27     5.6    -3.2    8.747        1.3   999.9
    2001      28     5.7    -3.1    1.763        1.3   999.9
    2001      29     5.7    -3.1    1.284        1.3   999.9
    2001      30     5.8    -3.0    1.703        1.3   999.9
    2001      31     5.9    -3.0    8.104        1.3   999.9
    2001      32     5.9    -2.9    2.003        1.3   999.9
    2001      33     6.1    -2.9    4.836        1.4   999.9
    2001      34     6.2    -2.8    2.401        1.4   999.9
    2001      35     6.3    -2.8    3.041        1.4   999.9
    2001      36     6.5    -2.7    6.146        1.5   999.9
    2001      37     6.7    -2.6    7.140        1.5   999.9
    2001      38     6.8    -2.5    3.554        1.4   999.9
    2001      39     7.0    -2.5    3.295        1.5   999.9
    2001      40     7.1    -2.4   10.303        1.5   999.9
    2001      41     7.3    -2.3    9.794        1.5   999.9
    2001      42     7.5    -2.2    6.598        1.5   999.9
    2001      43     7.6    -2.1    2.665        1.5   999.9
    2001      44     7.7    -2.0    4.900        1.5   999.9
    2001      45     7.9    -1.8    2.153        1.5   999.9
    2001      46     8.1    -1.7    8.540        1.4   999.9
    2001      47     8.2    -1.6   11.122        1.4   999.9
    2001      48     8.4    -1.5   12.332        1.5   999.9
    2001      49     8.6    -1.3   11.950        1.5   999.9
    2001      50     8.8    -1.1   12.229        1.6   999.9
    2001      51     9.0    -1.0    4.871        1.7   999.9
    2001      52     9.2    -0.8    6.798        1.7   999.9
    2001      53     9.4    -0.8    4.422        1.7   999.9
    2001      54     9.6    -0.7    8.389        1.7   999.9
    2001      55     9.8    -0.6   13.330        1.7   999.9
    2001      56    10.0    -0.4   10.619        1.7   999.9
    2001      57    10.2    -0.2    5.242        1.7   999.9
    2001      58    10.4    -0.2    3.415        1.7   999.9
    2001      59    10.5    -0.2    9.305        1.7   999.9
    2001      60    10.8    -0.1   13.727        1.7   999.9
    2001      61    10.9     0.0    5.815        1.7   999.9
    2001      62    11.0     0.0   12.036        1.7   999.9
    2001      63    11.1     0.0    3.179        1.7   999.9
    2001      64    11.2     0.1    3.688        1.6   999.9
    2001      65    11.3     0.1    8.513        1.5   999.9
    2001      66    11.4     0.1   14.621        1.6   999.9
    2001      67    11.6     0.1    5.918        1.5   999.9
    2001      68    11.7     0.2   11.820        1.5   999.9
    2001      69    11.8     0.2   11.441        1.5   999.9
    2001      70    11.9     0.2   15.918        1.5   999.9
    2001      71    12.0     0.3   11.047        1.6   999.9
    2001      72    12.2     0.3   13.606        1.6   999.9
    2001      73    12.2     0.3   11.816        1.6   999.9
    2001      74    12.3     0.3   17.036        1.6   999.9
    2001      75    12.4     0.4   10.158        1.6   999.9
    2001      76    12.6     0.5   13.104        1.5   999.9
    2001      77    12.7     0.6    5.552        1.6   999.9
    2001      78    12.9     0.6    9.822        1.5   999.9
    2001      79    13.1     0.7   17.215        1.4   999.9
    2001      80    13.2     0.7   17.550        1.4   999.9
    2001      81    13.3     0.8   10.946        1.4   999.9
    2001      82    13.6     0.8   19.327        1.4   999.9
    2001      83    13.7     0.9   18.198        1.4   999.9
    2001      84    13.8     0.9   13.210        1.4   999.9
    2001      85    13.9     0.9   18.929        1.4   999.9
    2001      86    13.9     0.9   14.148        1.4   999.9
    2001      87    14.1     0.9   19.940        1.4   999.9
    2001      88    14.2     0.9   18.269        1.3   999.9
    2001      89    14.3     1.0   19.320        1.3   999.9
    2001      90    14.4     1.1   20.453        1.3   999.9
    2001      91    14.6     1.2   18.726        1.2   999.9
    2001      92    14.8     1.2   20.945        1.3   999.9
    2001      93    14.9     1.3   20.503        1.3   999.9
    2001      94    15.0     1.3   18.800        1.3   999.9
    2001      95    15.1     1.4   15.190        1.2   999.9
    2001      96    15.2     1.4   18.229        1.3   999.9
    2001      97    15.3     1.5   21.972        1.3   999.9
    2001      98    15.4     1.6   20.171        1.2   999.9
    2001      99    15.6     1.8   21.739        1.3   999.9
    2001     100    15.8     1.9   22.135        1.3   999.9
    2001     101    15.9     1.9   20.898        1.3   999.9
    2001     102    16.1     2.0   19.214        1.3   999.9
    2001     103    16.2     2.2    8.435        1.4   999.9
    2001     104    16.4     2.3   16.393        1.4   999.9
    2001     105    16.5     2.3   12.984        1.4   999.9
    2001     106    16.6     2.4   16.668        1.4   999.9
    2001     107    16.8     2.5   20.111        1.4   999.9
    2001     108    16.9     2.6   19.391        1.4   999.9
    2001     109    17.1     2.7   23.708        1.4   999.9
    2001     110    17.2     2.8   19.942        1.5   999.9
    2001     111    17.3     2.9   14.198        1.4   999.9
    2001     112    17.4     3.0   22.756        1.5   999.9
    2001     113    17.6     3.1   21.977        1.5   999.9
    2001     114    17.7     3.2   21.920        1.5   999.9
    2001     115    17.9     3.4   13.781        1.4   999.9
    2001     116    18.0     3.5   20.522        1.4   999.9
    2001     117    18.1     3.6   15.602        1.5   999.9
    2001     118    18.3     3.7   23.929        1.4   999.9
    2001     119    18.4     3.9   25.606        1.4   999.9
    2001     120    18.6     4.0   24.199        1.4   999.9
    2001     121    18.7     4.1   19.885        1.4   999.9
    2001     122    18.8     4.2   20.640        1.4   999.9
    2001     123    19.0     4.3   10.555        1.5   999.9
    2001     124    19.1     4.4   23.508        1.5   999.9
    2001     125    19.3     4.6   23.166        1.5   999.9
    2001     126    19.4     4.6   27.140        1.5   999.9
    2001     127    19.5     4.7   26.270        1.5   999.9
    2001     128    19.7     4.7   23.324        1.5   999.9
    2001     129    19.8     4.8   20.280        1.5   999.9
    2001     130    20.0     4.9   20.851        1.5   999.9
    2001     131    20.2     5.1   25.734        1.4   999.9
    2001     132    20.4     5.2   24.206        1.4   999.9
    2001     133    20.5     5.3   19.996        1.4   999.9
    2001     134    20.6     5.4   20.292        1.4   999.9
    2001     135    20.8     5.5   25.948        1.4   999.9
    2001     136    20.8     5.6   26.881        1.4   999.9
    2001     137    20.9     5.7   27.014        1.4   999.9
    2001     138    21.1     5.8   27.340        1.4   999.9
    2001     139    21.2     5.8   21.464        1.4   999.9
    2001     140    21.4     6.0   25.000        1.4   999.9
    2001     141    21.6     6.1   24.011        1.4   999.9
    2001     142    21.7     6.2   26.983        1.4   999.9
    2001     143    21.8     6.3   28.360        1.4   999.9
    2001     144    21.9     6.4   28.453        1.4   999.9
    2001     145    22.1     6.6   19.686        1.4   999.9
    2001     146    22.2     6.6   15.834        1.4   999.9
    2001     147    22.3     6.7   14.882        1.4   999.9
    2001     148    22.4     6.7   26.149        1.4   999.9
    2001     149    22.6     6.8   29.298        1.4   999.9
    2001     150    22.7     6.9    7.076        1.4   999.9
    2001     151    22.8     7.1   14.260        1.4   999.9
    2001     152    23.0     7.2   29.525        1.3   999.9
    2001     153    23.2     7.2   21.880        1.3   999.9
    2001     154    23.3     7.3   29.058        1.2   999.9
    2001     155    23.4     7.4   28.884        1.2   999.9
    2001     156    23.6     7.6   23.837        1.1   999.9
    2001     157    23.8     7.7   22.291        1.1   999.9
    2001     158    23.9     7.8   27.823        1.1   999.9
    2001     159    24.1     7.9   11.088        1.1   999.9
    2001     160    24.3     8.0   26.387        1.0   999.9
    2001     161    24.4     8.1   21.252        1.0   999.9
    2001     162    24.7     8.2   15.692        1.0   999.9
    2001     163    24.8     8.3   10.952        1.0   999.9
    2001     164    25.1     8.4   29.160        0.9   999.9
    2001     165    25.2     8.4   25.406        0.9   999.9
    2001     166    25.4     8.6   29.675        0.9   999.9
    2001     167    25.6     8.6   30.283        0.9   999.9
    2001     168    25.8     8.7   29.177        0.8   999.9
    2001     169    26.0     8.7   25.086        0.8   999.9
    2001     170    26.1     8.8   30.031        0.8   999.9
    2001     171    26.3     8.8   29.070        0.7   999.9
    2001     172    26.4     8.9   29.268        0.7   999.9
    2001     173    26.6     8.9   28.669        0.7   999.9
    2001     174    26.8     9.0   28.022        0.6   999.9
    2001     175    27.0     9.1   27.923        0.6   999.9
    2001     176    27.2     9.3   29.933        0.6   999.9
    2001     177    27.4     9.3   29.670        0.6   999.9
    2001     178    27.5     9.4   29.256        0.6   999.9
    2001     179    27.7     9.4   29.305        0.6   999.9
    2001     180    27.9     9.5   29.749        0.6   999.9
    2001     181    28.1     9.6   18.601        0.6   999.9
    2001     182    28.3     9.6   28.964        0.5   999.9
    2001     183    28.5     9.7   30.065        0.5   999.9
    2001     184    28.7     9.8   27.614        0.5   999.9
    2001     185    28.9     9.9   25.538        0.5   999.9
    2001     186    29.1     9.9   13.526        0.5   999.9
    2001     187    29.2    10.1   23.262        0.5   999.9
    2001     188    29.4    10.2   28.576        0.5   999.9
    2001     189    29.6    10.2   23.465        0.5   999.9
    2001     190    29.8    10.3   29.042        0.5   999.9
    2001     191    29.9    10.4   28.728        0.4   999.9
    2001     192    30.1    10.5   28.817        0.4   999.9
    2001     193    30.3    10.6   28.370        0.4   999.9
    2001     194    30.5    10.7   27.164        0.4   999.9
    2001     195    30.7    10.8   26.437        0.4   999.9
    2001     196    30.9    10.9   28.123        0.3   999.9
    2001     197    31.1    11.0   27.274        0.3   999.9
    2001     198    31.3    11.1   21.776        0.3   999.9
    2001     199    31.6    11.2   25.937        0.3   999.9
    2001     200    31.7    11.3   27.733        0.3   999.9
    2001     201    31.8    11.3   27.702        0.4   999.9
    2001     202    31.9    11.4   26.353        0.4   999.9
    2001     203    32.2    11.5   25.178        0.3   999.9
    2001     204    32.3    11.6   27.738        0.3   999.9
    2001     205    32.3    11.6   27.680        0.3   999.9
    2001     206    32.4    11.6   27.139        0.3   999.9
    2001     207    32.6    11.7   27.114        0.3   999.9
    2001     208    32.7    11.7   26.482        0.3   999.9
    2001     209    32.8    11.7   25.654        0.3   999.9
    2001     210    32.8    11.7   26.798        0.3   999.9
    2001     211    32.8    11.8   23.053        0.3   999.9
    2001     212    32.8    11.8   24.419        0.4   999.9
    2001     213    32.8    11.8   27.012        0.3   999.9
    2001     214    32.8    11.8   26.725        0.4   999.9
    2001     215    32.7    11.7   26.692        0.5   999.9
    2001     216    32.6    11.6   26.843        0.4   999.9
    2001     217    32.4    11.5   26.447        0.4   999.9
    2001     218    32.3    11.5   26.352        0.4   999.9
    2001     219    32.2    11.4   26.478        0.4   999.9
    2001     220    32.2    11.3   25.937        0.5   999.9
    2001     221    32.0    11.3   23.822        0.5   999.9
    2001     222    31.9    11.2   22.656        0.5   999.9
    2001     223    31.7    11.1   26.357        0.5   999.9
    2001     224    31.4    10.9   24.878        0.6   999.9
    2001     225    31.3    10.8   25.612        0.6   999.9
    2001     226    31.1    10.7   25.180        0.6   999.9
    2001     227    31.0    10.7   25.223        0.6   999.9
    2001     228    30.9    10.6   25.249        0.6   999.9
    2001     229    30.7    10.4   24.476        0.6   999.9
    2001     230    30.6    10.3   23.984        0.6   999.9
    2001     231    30.4    10.2   21.610        0.6   999.9
    2001     232    30.2    10.1   24.409        0.6   999.9
    2001     233    30.0     9.9   23.914        0.6   999.9
    2001     234    29.9     9.8   23.374        0.6   999.9
    2001     235    29.8     9.7   23.086        0.6   999.9
    2001     236    29.6     9.6   21.577        0.6   999.9
    2001     237    29.3     9.5   21.930        0.6   999.9
    2001     238    29.1     9.3   22.979        0.7   999.9
    2001     239    28.9     9.2   22.666        0.7   999.9
    2001     240    28.7     9.1   22.853        0.7   999.9
    2001     241    28.5     8.9   21.841        0.6   999.9
    2001     242    28.3     8.7   22.004        0.7   999.9
    2001     243    28.2     8.5   21.583        0.6   999.9
    2001     244    28.1     8.4    9.287        0.6   999.9
    2001     245    28.0     8.3   14.570        0.6   999.9
    2001     246    27.8     8.2   13.232        0.6   999.9
    2001     247    27.7     8.0   20.324        0.6   999.9
    2001     248    27.5     7.8   19.488        0.7   999.9
    2001     249    27.3     7.7   19.830        0.6   999.9
    2001     250    27.1     7.5   20.266        0.6   999.9
    2001     251    26.9     7.3   12.476        0.6   999.9
    2001     252    26.7     7.1   19.549        0.6   999.9
    2001     253    26.6     7.0    5.411        0.6   999.9
    2001     254    26.4     6.9   17.516        0.6   999.9
    2001     255    26.2     6.7   18.895        0.6   999.9
    2001     256    25.9     6.6   19.080        0.7   999.9
    2001     257    25.7     6.3   18.619        0.7   999.9
    2001     258    25.6     6.2   16.586        0.7   999.9
    2001     259    25.4     6.0   18.089        0.7   999.9
    2001     260    25.3     5.8   18.484        0.7   999.9
    2001     261    25.1     5.7   15.857        0.7   999.9
    2001     262    24.9     5.5   16.069        0.7   999.9
    2001     263    24.6     5.3   15.817        0.7   999.9
    2001     264    24.3     5.1    8.701        0.7   999.9
    2001     265    24.2     4.9   18.427        0.6   999.9
    2001     266    24.0     4.7   18.380        0.6   999.9
    2001     267    23.8     4.6   17.609        0.6   999.9
    2001     268    23.6     4.4   17.742        0.7   999.9
    2001     269    23.4     4.2   17.272        0.6   999.9
    2001     270    23.2     4.1   16.799        0.7   999.9
    2001     271    23.0     4.0   14.816        0.7   999.9
    2001     272    22.8     3.9    9.811        0.7   999.9
    2001     273    22.6     3.8    2.640        0.7   999.9
    2001     274    22.3     3.6   15.428        0.7   999.9
    2001     275    22.0     3.4   15.984        0.7   999.9
    2001     276    21.8     3.2   15.482        0.7   999.9
    2001     277    21.6     3.0   15.374        0.7   999.9
    2001     278    21.3     2.8   15.674        0.7   999.9
    2001     279    21.2     2.6   15.359        0.7   999.9
    2001     280    20.9     2.5   14.827        0.8   999.9
    2001     281    20.7     2.3   14.137        0.8   999.9
    2001     282    20.4     2.2    6.916        0.8   999.9
    2001     283    20.2     2.0    1.628        0.8   999.9
    2001     284    19.9     1.8    6.799        0.8   999.9
    2001     285    19.8     1.7    8.890        0.8   999.9
    2001     286    19.5     1.6   12.272        0.9   999.9
    2001     287    19.3     1.5   11.485        0.9   999.9
    2001     288    18.9     1.4   11.082        1.0   999.9
    2001     289    18.5     1.3   10.099        1.0   999.9
    2001     290    18.1     1.2   11.645        1.1   999.9
    2001     291    17.8     1.1    6.217        1.1   999.9
    2001     292    17.5     1.0   10.562        1.2   999.9
    2001     293    17.2     1.0    1.666        1.2   999.9
    2001     294    16.9     0.9   11.692        1.2   999.9
    2001     295    16.6     0.9   12.202        1.3   999.9
    2001     296    16.3     0.8   12.044        1.3   999.9
    2001     297    15.9     0.8   11.038        1.3   999.9
    2001     298    15.6     0.7    8.074        1.4   999.9
    2001     299    15.3     0.7    3.007        1.5   999.9
    2001     300    15.0     0.6   10.214        1.5   999.9
    2001     301    14.7     0.5    4.255        1.5   999.9
    2001     302    14.4     0.4    8.930        1.5   999.9
    2001     303    14.2     0.4    9.179        1.5   999.9
    2001     304    13.9     0.4    9.112        1.5   999.9
    2001     305    13.6     0.4    8.436        1.6   999.9
    2001     306    13.3     0.4    9.006        1.6   999.9
    2001     307    13.0     0.4    8.539        1.7   999.9
    2001     308    12.7     0.4    6.532        1.7   999.9
    2001     309    12.4     0.4    5.686        1.8   999.9
    2001     310    12.2     0.4    6.200        1.8   999.9
    2001     311    11.9     0.4    6.772        1.8   999.9
    2001     312    11.6     0.3    1.414        1.8   999.9
    2001     313    11.2     0.2    2.534        1.9   999.9
    2001     314    10.8     0.1    4.643        1.9   999.9
    2001     315    10.6     0.1    9.094        2.0   999.9
    2001     316    10.3     0.0    6.401        2.0   999.9
    2001     317    10.1    -0.1    5.761        2.0   999.9
    2001     318     9.9    -0.2    6.834        2.0   999.9
    2001     319     9.7    -0.2    8.046        2.0   999.9
    2001     320     9.4    -0.3    6.756        2.0   999.9
    2001     321     9.3    -0.4    2.362        2.0   999.9
    2001     322     9.1    -0.4    2.928        2.1   999.9
    2001     323     8.9    -0.6    6.272        2.1   999.9
    2001     324     8.8    -0.6    4.966        2.1   999.9
    2001     325     8.6    -0.7    2.412        2.1   999.9
    2001     326     8.3    -0.9    1.584        2.2   999.9
    2001     327     8.2    -1.1    0.851        2.1   999.9
    2001     328     7.9    -1.2    1.751        2.1   999.9
    2001     329     7.7    -1.3    1.999        2.1   999.9
    2001     330     7.6    -1.4    3.068        2.2   999.9
    2001     331     7.4    -1.6    7.093        2.1   999.9
    2001     332     7.2    -1.7    5.826        2.2   999.9
    2001     333     7.1    -1.8    0.998        2.2   999.9
    2001     334     7.0    -1.9    6.709        2.2   999.9
    2001     335     6.9    -2.0    1.315        2.2   999.9
    2001     336     6.8    -2.1    4.200        2.1   999.9
    2001     337     6.7    -2.1    1.039        2.1   999.9
    2001     338     6.6    -2.2    1.609        2.0   999.9
    2001     339     6.4    -2.4    0.682        2.0   999.9
    2001     340     6.2    -2.5    0.917        2.0   999.9
    2001     341     6.1    -2.6    1.006        2.0   999.9
    2001     342     6.0    -2.7    1.008        1.9   999.9
    2001     343     5.8    -2.8    4.042        1.8   999.9
    2001     344     5.7    -2.9    5.027        1.8   999.9
    2001     345     5.6    -3.0    3.328        1.7   999.9
    2001     346     5.5    -3.0    3.077        1.8   999.9
    2001     347     5.4    -3.1    2.258        1.7   999.9
    2001     348     5.3    -3.1    1.891        1.7   999.9
    2001     349     5.1    -3.3    3.941        1.7   999.9
    2001     350     4.9    -3.4    2.926        1.6   999.9
    2001     351     4.7    -3.6    6.370        1.6   999.9
    2001     352     4.6    -3.8    4.076        1.5   999.9
    2001     353     4.4    -3.9    1.466        1.6   999.9
    2001     354     4.3    -4.0    1.375        1.5   999.9
    2001     355     4.2    -4.1    1.741        1.4   999.9
    2001     356     4.2    -4.1    1.771        1.4   999.9
    2001     357     4.1    -4.2    1.400        1.4   999.9
    2001     358     3.9    -4.3    5.370        1.4   999.9
    2001     359     3.8    -4.4    1.139        1.4   999.9
    2001     360     3.7    -4.4    0.984        1.4   999.9
    2001     361     3.7    -4.5    5.174        1.5   999.9
    2001     362     3.6    -4.6    0.638        1.5   999.9
    2001     363     3.6    -4.6    1.217        1.5   999.9
    2001     364     3.5    -4.7    1.870        1.4   999.9
    2001     365     3.4    -4.7    3.960        1.5   999.9
    2002       1     3.5    -4.7    3.299        1.5   999.9
    2002       2     3.6    -4.6    4.195        1.6   999.9
    2002       3     3.6    -4.5    1.018        1.6   999.9
    2002       4     3.7    -4.4    6.043        1.6   999.9
    2002       5     3.8    -4.3    6.355        1.6   999.9
    2002       6     3.9    -4.2    3.688        1.6   999.9
    2002       7     3.9    -4.2    3.857        1.6   999.9
    2002       8     4.0    -4.1    4.742        1.6   999.9
    2002       9     4.1    -4.0    4.495        1.6   999.9
    2002      10     4.2    -3.9    1.186        1.6   999.9
    2002      11     4.3    -3.9    3.468        1.6   999.9
    2002      12     4.4    -3.9    4.158        1.6   999.9
    2002      13     4.5    -3.8    1.423        1.6   999.9
    2002      14     4.6    -3.7    3.389        1.6   999.9
    2002      15     4.7    -3.7    3.137        1.6   999.9
    2002      16     4.8    -3.7    6.289        1.5   999.9
    2002      17     4.9    -3.6    6.569        1.6   999.9
    2002      18     5.0    -3.6    4.400        1.6   999.9
    2002      19     5.1    -3.6    5.104        1.6   999.9
    2002      20     5.1    -3.6    5.881        1.5   999.9
    2002      21     5.2    -3.5    2.264        1.5   999.9
    2002      22     5.3    -3.5    2.431        1.5   999.9
    2002      23     5.3    -3.4    1.630        1.5   999.9
    2002      24     5.4    -3.3    2.825        1.4   999.9
    2002      25     5.4    -3.3    4.651        1.4   999.9
    2002      26     5.6    -3.2    8.494        1.4   999.9
    2002      27     5.6    -3.2    8.747        1.3   999.9
    2002      28     5.7    -3.1    1.763        1.3   999.9
    2002      29     5.7    -3.1    1.284        1.3   999.9
    2002      30     5.8    -3.0    1.703        1.3   999.9
    2002      31     5.9    -3.0    8.104        1.3   999.9
    2002      32     5.9    -2.9    2.003        1.3   999.9
    2002      33     6.1    -2.9    4.836        1.4   999.9
    2002      34     6.2    -2.8    2.401        1.4   999.9
    2002      35     6.3    -2.8    3.041        1.4   999.9
    2002      36     6.5    -2.7    6.146        1.5   999.9
    2002      37     6.7    -2.6    7.140        1.5   999.9
    2002      38     6.8    -2.5    3.554        1.4   999.9
    2002      39     7.0    -2.5    3.295        1.5   999.9
    2002      40     7.1    -2.4   10.303        1.5   999.9
    2002      41     7.3    -2.3    9.794        1.5   999.9
    2002      42     7.5    -2.2    6.598        1.5   999.9
    2002      43     7.6    -2.1    2.665        1.5   999.9
    2002      44     7.7    -2.0    4.900        1.5   999.9
    2002      45     7.9    -1.8    2.153        1.5   999.9
    2002      46     8.1    -1.7    8.540        1.4   999.9
    2002      47     8.2    -1.6   11.122        1.4   999.9
    2002      48     8.4    -1.5   12.332        1.5   999.9
    2002      49     8.6    -1.3   11.950        1.5   999.9
    2002      50     8.8    -1.1   12.229        1.6   999.9
    2002      51     9.0    -1.0    4.871        1.7   999.9
    2002      52     9.2    -0.8    6.798        1.7   999.9
    2002      53     9.4    -0.8    4.422        1.7   999.9
    2002      54     9.6    -0.7    8.389        1.7   999.9
    2002      55     9.8    -0.6   13.330        1.7   999.9
    2002      56    10.0    -0.4   10.619        1.7   999.9
    2002      57    10.2    -0.2    5.242        1.7   999.9
    2002      58    10.4    -0.2    3.415        1.7   999.9
    2002      59    10.5    -0.2    9.305        1.7   999.9
    2002      60    10.8    -0.1   13.727        1.7   999.9
    2002      61    10.9     0.0    5.815        1.7   999.9
    2002      62    11.0     0.0   12.036        1.7   999.9
    2002      63    11.1     0.0    3.179        1.7   999.9
    2002      64    11.2     0.1    3.688        1.6   999.9
    2002      65    11.3     0.1    8.513        1.5   999.9
    2002      66    11.4     0.1   14.621        1.6   999.9
    2002      67    11.6     0.1    5.918        1.5   999.9
    2002      68    11.7     0.2   11.820        1.5   999.9
    2002      69    11.8     0.2   11.441        1.5   999.9
    2002      70    11.9     0.2   15.918        1.5   999.9
    2002      71    12.0     0.3   11.047        1.6   999.9
    2002      72    12.2     0.3   13.606        1.6   999.9
    2002      73    12.2     0.3   11.816        1.6   999.9
    2002      74    12.3     0.3   17.036        1.6   999.9
    2002      75    12.4     0.4   10.158        1.6   999.9
    2002      76    12.6     0.5   13.104        1.5   999.9
    2002      77    12.7     0.6    5.552        1.6   999.9
    2002      78    12.9     0.6    9.822        1.5   999.9
    2002      79    13.1     0.7   17.215        1.4   999.9
    2002      80    13.2     0.7   17.550        1.4   999.9
    2002      81    13.3     0.8   10.946        1.4   999.9
    2002      82    13.6     0.8   19.327        1.4   999.9
    2002      83    13.7     0.9   18.198        1.4   999.9
    2002      84    13.8     0.9   13.210        1.4   999.9
    2002      85    13.9     0.9   18.929        1.4   999.9
    2002      86    13.9     0.9   14.148        1.4   999.9
    2002      87    14.1     0.9   19.940        1.4   999.9
    2002      88    14.2     0.9   18.269        1.3   999.9
    2002      89    14.3     1.0   19.320        1.3   999.9
    2002      90    14.4     1.1   20.453        1.3   999.9
    2002      91    14.6     1.2   18.726        1.2   999.9
    2002      92    14.8     1.2   20.945        1.3   999.9
    2002      93    14.9     1.3   20.503        1.3   999.9
    2002      94    15.0     1.3   18.800        1.3   999.9
    2002      95    15.1     1.4   15.190        1.2   999.9
    2002      96    15.2     1.4   18.229        1.3   999.9
    2002      97    15.3     1.5   21.972        1.3   999.9
    2002      98    15.4     1.6   20.171        1.2   999.9
    2002      99    15.6     1.8   21.739        1.3   999.9
    2002     100    15.8     1.9   22.135        1.3   999.9
    2002     101    15.9     1.9   20.898        1.3   999.9
    2002     102    16.1     2.0   19.214        1.3   999.9
    2002     103    16.2     2.2    8.435        1.4   999.9
    2002     104    16.4     2.3   16.393        1.4   999.9
    2002     105    16.5     2.3   12.984        1.4   999.9
    2002     106    16.6     2.4   16.668        1.4   999.9
    2002     107    16.8     2.5   20.111        1.4   999.9
    2002     108    16.9     2.6   19.391        1.4   999.9
    2002     109    17.1     2.7   23.708        1.4   999.9
    2002     110    17.2     2.8   19.942        1.5   999.9
    2002     111    17.3     2.9   14.198        1.4   999.9
    2002     112    17.4     3.0   22.756        1.5   999.9
    2002     113    17.6     3.1   21.977        1.5   999.9
    2002     114    17.7     3.2   21.920        1.5   999.9
    2002     115    17.9     3.4   13.781        1.4   999.9
    2002     116    18.0     3.5   20.522        1.4   999.9
    2002     117    18.1     3.6   15.602        1.5   999.9
    2002     118    18.3     3.7   23.929        1.4   999.9
    2002     119    18.4     3.9   25.606        1.4   999.9
    2002     120    18.6     4.0   24.199        1.4   999.9
    2002     121    18.7     4.1   19.885        1.4   999.9
    2002     122    18.8     4.2   20.640        1.4   999.9
    2002     123    19.0     4.3   10.555        1.5   999.9
    2002     124    19.1     4.4   23.508        1.5   999.9
    2002     125    19.3     4.6   23.166        1.5   999.9
    2002     126    19.4     4.6   27.140        1.5   999.9
    2002     127    19.5     4.7   26.270        1.5   999.9
    2002     128    19.7     4.7   23.324        1.5   999.9
    2002     129    19.8     4.8   20.280        1.5   999.9
    2002     130    20.0     4.9   20.851        1.5   999.9
    2002     131    20.2     5.1   25.734        1.4   999.9
    2002     132    20.4     5.2   24.206        1.4   999.9
    2002     133    20.5     5.3   19.996        1.4   999.9
    2002     134    20.6     5.4   20.292        1.4   999.9
    2002     135    20.8     5.5   25.948        1.4   999.9
    2002     136    20.8     5.6   26.881        1.4   999.9
    2002     137    20.9     5.7   27.014        1.4   999.9
    2002     138    21.1     5.8   27.340        1.4   999.9
    2002     139    21.2     5.8   21.464        1.4   999.9
    2002     140    21.4     6.0   25.000        1.4   999.9
    2002     141    21.6     6.1   24.011        1.4   999.9
    2002     142    21.7     6.2   26.983        1.4   999.9
    2002     143    21.8     6.3   28.360        1.4   999.9
    2002     144    21.9     6.4   28.453        1.4   999.9
    2002     145    22.1     6.6   19.686        1.4   999.9
    2002     146    22.2     6.6   15.834        1.4   999.9
    2002     147    22.3     6.7   14.882        1.4   999.9
    2002     148    22.4     6.7   26.149        1.4   999.9
    2002     149    22.6     6.8   29.298        1.4   999.9
    2002     150    22.7     6.9    7.076        1.4   999.9
    2002     151    22.8     7.1   14.260        1.4   999.9
    2002     152    23.0     7.2   29.525        1.3   999.9
    2002     153    23.2     7.2   21.880        1.3   999.9
    2002     154    23.3     7.3   29.058        1.2   999.9
    2002     155    23.4     7.4   28.884        1.2   999.9
    2002     156    23.6     7.6   23.837        1.1   999.9
    2002     157    23.8     7.7   22.291        1.1   999.9
    2002     158    23.9     7.8   27.823        1.1   999.9
    2002     159    24.1     7.9   11.088        1.1   999.9
    2002     160    24.3     8.0   26.387        1.0   999.9
    2002     161    24.4     8.1   21.252        1.0   999.9
    2002     162    24.7     8.2   15.692        1.0   999.9
    2002     163    24.8     8.3   10.952        1.0   999.9
    2002     164    25.1     8.4   29.160        0.9   999.9
    2002     165    25.2     8.4   25.406        0.9   999.9
    2002     166    25.4     8.6   29.675        0.9   999.9
    2002     167    25.6     8.6   30.283        0.9   999.9
    2002     168    25.8     8.7   29.177        0.8   999.9
    2002     169    26.0     8.7   25.086        0.8   999.9
    2002     170    26.1     8.8   30.031        0.8   999.9
    2002     171    26.3     8.8   29.070        0.7   999.9
    2002     172    26.4     8.9   29.268        0.7   999.9
    2002     173    26.6     8.9   28.669        0.7   999.9
    2002     174    26.8     9.0   28.022        0.6   999.9
    2002     175    27.0     9.1   27.923        0.6   999.9
    2002     176    27.2     9.3   29.933        0.6   999.9
    2002     177    27.4     9.3   29.670        0.6   999.9
    2002     178    27.5     9.4   29.256        0.6   999.9
    2002     179    27.7     9.4   29.305        0.6   999.9
    2002     180    27.9     9.5   29.749        0.6   999.9
    2002     181    28.1     9.6   18.601        0.6   999.9
    2002     182    28.3     9.6   28.964        0.5   999.9
    2002     183    28.5     9.7   30.065        0.5   999.9
    2002     184    28.7     9.8   27.614        0.5   999.9
    2002     185    28.9     9.9   25.538        0.5   999.9
    2002     186    29.1     9.9   13.526        0.5   999.9
    2002     187    29.2    10.1   23.262        0.5   999.9
    2002     188    29.4    10.2   28.576        0.5   999.9
    2002     189    29.6    10.2   23.465        0.5   999.9
    2002     190    29.8    10.3   29.042        0.5   999.9
    2002     191    29.9    10.4   28.728        0.4   999.9
    2002     192    30.1    10.5   28.817        0.4   999.9
    2002     193    30.3    10.6   28.370        0.4   999.9
    2002     194    30.5    10.7   27.164        0.4   999.9
    2002     195    30.7    10.8   26.437        0.4   999.9
    2002     196    30.9    10.9   28.123        0.3   999.9
    2002     197    31.1    11.0   27.274        0.3   999.9
    2002     198    31.3    11.1   21.776        0.3   999.9
    2002     199    31.6    11.2   25.937        0.3   999.9
    2002     200    31.7    11.3   27.733        0.3   999.9
    2002     201    31.8    11.3   27.702        0.4   999.9
    2002     202    31.9    11.4   26.353        0.4   999.9
    2002     203    32.2    11.5   25.178        0.3   999.9
    2002     204    32.3    11.6   27.738        0.3   999.9
    2002     205    32.3    11.6   27.680        0.3   999.9
    2002     206    32.4    11.6   27.139        0.3   999.9
    2002     207    32.6    11.7   27.114        0.3   999.9
    2002     208    32.7    11.7   26.482        0.3   999.9
    2002     209    32.8    11.7   25.654        0.3   999.9
    2002     210    32.8    11.7   26.798        0.3   999.9
    2002     211    32.8    11.8   23.053        0.3   999.9
    2002     212    32.8    11.8   24.419        0.4   999.9
    2002     213    32.8    11.8   27.012        0.3   999.9
    2002     214    32.8    11.8   26.725        0.4   999.9
    2002     215    32.7    11.7   26.692        0.5   999.9
    2002     216    32.6    11.6   26.843        0.4   999.9
    2002     217    32.4    11.5   26.447        0.4   999.9
    2002     218    32.3    11.5   26.352        0.4   999.9
    2002     219    32.2    11.4   26.478        0.4   999.9
    2002     220    32.2    11.3   25.937        0.5   999.9
    2002     221    32.0    11.3   23.822        0.5   999.9
    2002     222    31.9    11.2   22.656        0.5   999.9
    2002     223    31.7    11.1   26.357        0.5   999.9
    2002     224    31.4    10.9   24.878        0.6   999.9
    2002     225    31.3    10.8   25.612        0.6   999.9
    2002     226    31.1    10.7   25.180        0.6   999.9
    2002     227    31.0    10.7   25.223        0.6   999.9
    2002     228    30.9    10.6   25.249        0.6   999.9
    2002     229    30.7    10.4   24.476        0.6   999.9
    2002     230    30.6    10.3   23.984        0.6   999.9
    2002     231    30.4    10.2   21.610        0.6   999.9
    2002     232    30.2    10.1   24.409        0.6   999.9
    2002     233    30.0     9.9   23.914        0.6   999.9
    2002     234    29.9     9.8   23.374        0.6   999.9
    2002     235    29.8     9.7   23.086        0.6   999.9
    2002     236    29.6     9.6   21.577        0.6   999.9
    2002     237    29.3     9.5   21.930        0.6   999.9
    2002     238    29.1     9.3   22.979        0.7   999.9
    2002     239    28.9     9.2   22.666        0.7   999.9
    2002     240    28.7     9.1   22.853        0.7   999.9
    2002     241    28.5     8.9   21.841        0.6   999.9
    2002     242    28.3     8.7   22.004        0.7   999.9
    2002     243    28.2     8.5   21.583        0.6   999.9
    2002     244    28.1     8.4    9.287        0.6   999.9
    2002     245    28.0     8.3   14.570        0.6   999.9
    2002     246    27.8     8.2   13.232        0.6   999.9
    2002     247    27.7     8.0   20.324        0.6   999.9
    2002     248    27.5     7.8   19.488        0.7   999.9
    2002     249    27.3     7.7   19.830        0.6   999.9
    2002     250    27.1     7.5   20.266        0.6   999.9
    2002     251    26.9     7.3   12.476        0.6   999.9
    2002     252    26.7     7.1   19.549        0.6   999.9
    2002     253    26.6     7.0    5.411        0.6   999.9
    2002     254    26.4     6.9   17.516        0.6   999.9
    2002     255    26.2     6.7   18.895        0.6   999.9
    2002     256    25.9     6.6   19.080        0.7   999.9
    2002     257    25.7     6.3   18.619        0.7   999.9
    2002     258    25.6     6.2   16.586        0.7   999.9
    2002     259    25.4     6.0   18.089        0.7   999.9
    2002     260    25.3     5.8   18.484        0.7   999.9
    2002     261    25.1     5.7   15.857        0.7   999.9
    2002     262    24.9     5.5   16.069        0.7   999.9
    2002     263    24.6     5.3   15.817        0.7   999.9
    2002     264    24.3     5.1    8.701        0.7   999.9
    2002     265    24.2     4.9   18.427        0.6   999.9
    2002     266    24.0     4.7   18.380        0.6   999.9
    2002     267    23.8     4.6   17.609        0.6   999.9
    2002     268    23.6     4.4   17.742        0.7   999.9
    2002     269    23.4     4.2   17.272        0.6   999.9
    2002     270    23.2     4.1   16.799        0.7   999.9
    2002     271    23.0     4.0   14.816        0.7   999.9
    2002     272    22.8     3.9    9.811        0.7   999.9
    2002     273    22.6     3.8    2.640        0.7   999.9
    2002     274    22.3     3.6   15.428        0.7   999.9
    2002     275    22.0     3.4   15.984        0.7   999.9
    2002     276    21.8     3.2   15.482        0.7   999.9
    2002     277    21.6     3.0   15.374        0.7   999.9
    2002     278    21.3     2.8   15.674        0.7   999.9
    2002     279    21.2     2.6   15.359        0.7   999.9
    2002     280    20.9     2.5   14.827        0.8   999.9
    2002     281    20.7     2.3   14.137        0.8   999.9
    2002     282    20.4     2.2    6.916        0.8   999.9
    2002     283    20.2     2.0    1.628        0.8   999.9
    2002     284    19.9     1.8    6.799        0.8   999.9
    2002     285    19.8     1.7    8.890        0.8   999.9
    2002     286    19.5     1.6   12.272        0.9   999.9
    2002     287    19.3     1.5   11.485        0.9   999.9
    2002     288    18.9     1.4   11.082        1.0   999.9
    2002     289    18.5     1.3   10.099        1.0   999.9
    2002     290    18.1     1.2   11.645        1.1   999.9
    2002     291    17.8     1.1    6.217        1.1   999.9
    2002     292    17.5     1.0   10.562        1.2   999.9
    2002     293    17.2     1.0    1.666        1.2   999.9
    2002     294    16.9     0.9   11.692        1.2   999.9
    2002     295    16.6     0.9   12.202        1.3   999.9
    2002     296    16.3     0.8   12.044        1.3   999.9
    2002     297    15.9     0.8   11.038        1.3   999.9
    2002     298    15.6     0.7    8.074        1.4   999.9
    2002     299    15.3     0.7    3.007        1.5   999.9
    2002     300    15.0     0.6   10.214        1.5   999.9
    2002     301    14.7     0.5    4.255        1.5   999.9
    2002     302    14.4     0.4    8.930        1.5   999.9
    2002     303    14.2     0.4    9.179        1.5   999.9
    2002     304    13.9     0.4    9.112        1.5   999.9
    2002     305    13.6     0.4    8.436        1.6   999.9
    2002     306    13.3     0.4    9.006        1.6   999.9
    2002     307    13.0     0.4    8.539        1.7   999.9
    2002     308    12.7     0.4    6.532        1.7   999.9
    2002     309    12.4     0.4    5.686        1.8   999.9
    2002     310    12.2     0.4    6.200        1.8   999.9
    2002     311    11.9     0.4    6.772        1.8   999.9
    2002     312    11.6     0.3    1.414        1.8   999.9
    2002     313    11.2     0.2    2.534        1.9   999.9
    2002     314    10.8     0.1    4.643        1.9   999.9
    2002     315    10.6     0.1    9.094        2.0   999.9
    2002     316    10.3     0.0    6.401        2.0   999.9
    2002     317    10.1    -0.1    5.761        2.0   999.9
    2002     318     9.9    -0.2    6.834        2.0   999.9
    2002     319     9.7    -0.2    8.046        2.0   999.9
    2002     320     9.4    -0.3    6.756        2.0   999.9
    2002     321     9.3    -0.4    2.362        2.0   999.9
    2002     322     9.1    -0.4    2.928        2.1   999.9
    2002     323     8.9    -0.6    6.272        2.1   999.9
    2002     324     8.8    -0.6    4.966        2.1   999.9
    2002     325     8.6    -0.7    2.412        2.1   999.9
    2002     326     8.3    -0.9    1.584        2.2   999.9
    2002     327     8.2    -1.1    0.851        2.1   999.9
    2002     328     7.9    -1.2    1.751        2.1   999.9
    2002     329     7.7    -1.3    1.999        2.1   999.9
    2002     330     7.6    -1.4    3.068        2.2   999.9
    2002     331     7.4    -1.6    7.093        2.1   999.9
    2002     332     7.2    -1.7    5.826        2.2   999.9
    2002     333     7.1    -1.8    0.998        2.2   999.9
    2002     334     7.0    -1.9    6.709        2.2   999.9
    2002     335     6.9    -2.0    1.315        2.2   999.9
    2002     336     6.8    -2.1    4.200        2.1   999.9
    2002     337     6.7    -2.1    1.039        2.1   999.9
    2002     338     6.6    -2.2    1.609        2.0   999.9
    2002     339     6.4    -2.4    0.682        2.0   999.9
    2002     340     6.2    -2.5    0.917        2.0   999.9
    2002     341     6.1    -2.6    1.006        2.0   999.9
    2002     342     6.0    -2.7    1.008        1.9   999.9
    2002     343     5.8    -2.8    4.042        1.8   999.9
    2002     344     5.7    -2.9    5.027        1.8   999.9
    2002     345     5.6    -3.0    3.328        1.7   999.9
    2002     346     5.5    -3.0    3.077        1.8   999.9
    2002     347     5.4    -3.1    2.258        1.7   999.9
    2002     348     5.3    -3.1    1.891        1.7   999.9
    2002     349     5.1    -3.3    3.941        1.7   999.9
    2002     350     4.9    -3.4    2.926        1.6   999.9
    2002     351     4.7    -3.6    6.370        1.6   999.9
    2002     352     4.6    -3.8    4.076        1.5   999.9
    2002     353     4.4    -3.9    1.466        1.6   999.9
    2002     354     4.3    -4.0    1.375        1.5   999.9
    2002     355     4.2    -4.1    1.741        1.4   999.9
    2002     356     4.2    -4.1    1.771        1.4   999.9
    2002     357     4.1    -4.2    1.400        1.4   999.9
    2002     358     3.9    -4.3    5.370        1.4   999.9
    2002     359     3.8    -4.4    1.139        1.4   999.9
    2002     360     3.7    -4.4    0.984        1.4   999.9
    2002     361     3.7    -4.5    5.174        1.5   999.9
    2002     362     3.6    -4.6    0.638        1.5   999.9
    2002     363     3.6    -4.6    1.217        1.5   999.9
    2002     364     3.5    -4.7    1.870        1.4   999.9
    2002     365     3.4    -4.7    3.960        1.5   999.9
    2003       1     3.5    -4.7    3.299        1.5   999.9
    2003       2     3.6    -4.6    4.195        1.6   999.9
    2003       3     3.6    -4.5    1.018        1.6   999.9
    2003       4     3.7    -4.4    6.043        1.6   999.9
    2003       5     3.8    -4.3    6.355        1.6   999.9
    2003       6     3.9    -4.2    3.688        1.6   999.9
    2003       7     3.9    -4.2    3.857        1.6   999.9
    2003       8     4.0    -4.1    4.742        1.6   999.9
    2003       9     4.1    -4.0    4.495        1.6   999.9
    2003      10     4.2    -3.9    1.186        1.6   999.9
    2003      11     4.3    -3.9    3.468        1.6   999.9
    2003      12     4.4    -3.9    4.158        1.6   999.9
    2003      13     4.5    -3.8    1.423        1.6   999.9
    2003      14     4.6    -3.7    3.389        1.6   999.9
    2003      15     4.7    -3.7    3.137        1.6   999.9
    2003      16     4.8    -3.7    6.289        1.5   999.9
    2003      17     4.9    -3.6    6.569        1.6   999.9
    2003      18     5.0    -3.6    4.400        1.6   999.9
    2003      19     5.1    -3.6    5.104        1.6   999.9
    2003      20     5.1    -3.6    5.881        1.5   999.9
    2003      21     5.2    -3.5    2.264        1.5   999.9
    2003      22     5.3    -3.5    2.431        1.5   999.9
    2003      23     5.3    -3.4    1.630        1.5   999.9
    2003      24     5.4    -3.3    2.825        1.4   999.9
    2003      25     5.4    -3.3    4.651        1.4   999.9
    2003      26     5.6    -3.2    8.494        1.4   999.9
    2003      27     5.6    -3.2    8.747        1.3   999.9
    2003      28     5.7    -3.1    1.763        1.3   999.9
    2003      29     5.7    -3.1    1.284        1.3   999.9
    2003      30     5.8    -3.0    1.703        1.3   999.9
    2003      31     5.9    -3.0    8.104        1.3   999.9
    2003      32     5.9    -2.9    2.003        1.3   999.9
    2003      33     6.1    -2.9    4.836        1.4   999.9
    2003      34     6.2    -2.8    2.401        1.4   999.9
    2003      35     6.3    -2.8    3.041        1.4   999.9
    2003      36     6.5    -2.7    6.146        1.5   999.9
    2003      37     6.7    -2.6    7.140        1.5   999.9
    2003      38     6.8    -2.5    3.554        1.4   999.9
    2003      39     7.0    -2.5    3.295        1.5   999.9
    2003      40     7.1    -2.4   10.303        1.5   999.9
    2003      41     7.3    -2.3    9.794        1.5   999.9
    2003      42     7.5    -2.2    6.598        1.5   999.9
    2003      43     7.6    -2.1    2.665        1.5   999.9
    2003      44     7.7    -2.0    4.900        1.5   999.9
    2003      45     7.9    -1.8    2.153        1.5   999.9
    2003      46     8.1    -1.7    8.540        1.4   999.9
    2003      47     8.2    -1.6   11.122        1.4   999.9
    2003      48     8.4    -1.5   12.332        1.5   999.9
    2003      49     8.6    -1.3   11.950        1.5   999.9
    2003      50     8.8    -1.1   12.229        1.6   999.9
    2003      51     9.0    -1.0    4.871        1.7   999.9
    2003      52     9.2    -0.8    6.798        1.7   999.9
    2003      53     9.4    -0.8    4.422        1.7   999.9
    2003      54     9.6    -0.7    8.389        1.7   999.9
    2003      55     9.8    -0.6   13.330        1.7   999.9
    2003      56    10.0    -0.4   10.619        1.7   999.9
    2003      57    10.2    -0.2    5.242        1.7   999.9
    2003      58    10.4    -0.2    3.415        1.7   999.9
    2003      59    10.5    -0.2    9.305        1.7   999.9
    2003      60    10.8    -0.1   13.727        1.7   999.9
    2003      61    10.9     0.0    5.815        1.7   999.9
    2003      62    11.0     0.0   12.036        1.7   999.9
    2003      63    11.1     0.0    3.179        1.7   999.9
    2003      64    11.2     0.1    3.688        1.6   999.9
    2003      65    11.3     0.1    8.513        1.5   999.9
    2003      66    11.4     0.1   14.621        1.6   999.9
    2003      67    11.6     0.1    5.918        1.5   999.9
    2003      68    11.7     0.2   11.820        1.5   999.9
    2003      69    11.8     0.2   11.441        1.5   999.9
    2003      70    11.9     0.2   15.918        1.5   999.9
    2003      71    12.0     0.3   11.047        1.6   999.9
    2003      72    12.2     0.3   13.606        1.6   999.9
    2003      73    12.2     0.3   11.816        1.6   999.9
    2003      74    12.3     0.3   17.036        1.6   999.9
    2003      75    12.4     0.4   10.158        1.6   999.9
    2003      76    12.6     0.5   13.104        1.5   999.9
    2003      77    12.7     0.6    5.552        1.6   999.9
    2003      78    12.9     0.6    9.822        1.5   999.9
    2003      79    13.1     0.7   17.215        1.4   999.9
    2003      80    13.2     0.7   17.550        1.4   999.9
    2003      81    13.3     0.8   10.946        1.4   999.9
    2003      82    13.6     0.8   19.327        1.4   999.9
    2003      83    13.7     0.9   18.198        1.4   999.9
    2003      84    13.8     0.9   13.210        1.4   999.9
    2003      85    13.9     0.9   18.929        1.4   999.9
    2003      86    13.9     0.9   14.148        1.4   999.9
    2003      87    14.1     0.9   19.940        1.4   999.9
    2003      88    14.2     0.9   18.269        1.3   999.9
    2003      89    14.3     1.0   19.320        1.3   999.9
    2003      90    14.4     1.1   20.453        1.3   999.9
    2003      91    14.6     1.2   18.726        1.2   999.9
    2003      92    14.8     1.2   20.945        1.3   999.9
    2003      93    14.9     1.3   20.503        1.3   999.9
    2003      94    15.0     1.3   18.800        1.3   999.9
    2003      95    15.1     1.4   15.190        1.2   999.9
    2003      96    15.2     1.4   18.229        1.3   999.9
    2003      97    15.3     1.5   21.972        1.3   999.9
    2003      98    15.4     1.6   20.171        1.2   999.9
    2003      99    15.6     1.8   21.739        1.3   999.9
    2003     100    15.8     1.9   22.135        1.3   999.9
    2003     101    15.9     1.9   20.898        1.3   999.9
    2003     102    16.1     2.0   19.214        1.3   999.9
    2003     103    16.2     2.2    8.435        1.4   999.9
    2003     104    16.4     2.3   16.393        1.4   999.9
    2003     105    16.5     2.3   12.984        1.4   999.9
    2003     106    16.6     2.4   16.668        1.4   999.9
    2003     107    16.8     2.5   20.111        1.4   999.9
    2003     108    16.9     2.6   19.391        1.4   999.9
    2003     109    17.1     2.7   23.708        1.4   999.9
    2003     110    17.2     2.8   19.942        1.5   999.9
    2003     111    17.3     2.9   14.198        1.4   999.9
    2003     112    17.4     3.0   22.756        1.5   999.9
    2003     113    17.6     3.1   21.977        1.5   999.9
    2003     114    17.7     3.2   21.920        1.5   999.9
    2003     115    17.9     3.4   13.781        1.4   999.9
    2003     116    18.0     3.5   20.522        1.4   999.9
    2003     117    18.1     3.6   15.602        1.5   999.9
    2003     118    18.3     3.7   23.929        1.4   999.9
    2003     119    18.4     3.9   25.606        1.4   999.9
    2003     120    18.6     4.0   24.199        1.4   999.9
    2003     121    18.7     4.1   19.885        1.4   999.9
    2003     122    18.8     4.2   20.640        1.4   999.9
    2003     123    19.0     4.3   10.555        1.5   999.9
    2003     124    19.1     4.4   23.508        1.5   999.9
    2003     125    19.3     4.6   23.166        1.5   999.9
    2003     126    19.4     4.6   27.140        1.5   999.9
    2003     127    19.5     4.7   26.270        1.5   999.9
    2003     128    19.7     4.7   23.324        1.5   999.9
    2003     129    19.8     4.8   20.280        1.5   999.9
    2003     130    20.0     4.9   20.851        1.5   999.9
    2003     131    20.2     5.1   25.734        1.4   999.9
    2003     132    20.4     5.2   24.206        1.4   999.9
    2003     133    20.5     5.3   19.996        1.4   999.9
    2003     134    20.6     5.4   20.292        1.4   999.9
    2003     135    20.8     5.5   25.948        1.4   999.9
    2003     136    20.8     5.6   26.881        1.4   999.9
    2003     137    20.9     5.7   27.014        1.4   999.9
    2003     138    21.1     5.8   27.340        1.4   999.9
    2003     139    21.2     5.8   21.464        1.4   999.9
    2003     140    21.4     6.0   25.000        1.4   999.9
    2003     141    21.6     6.1   24.011        1.4   999.9
    2003     142    21.7     6.2   26.983        1.4   999.9
    2003     143    21.8     6.3   28.360        1.4   999.9
    2003     144    21.9     6.4   28.453        1.4   999.9
    2003     145    22.1     6.6   19.686        1.4   999.9
    2003     146    22.2     6.6   15.834        1.4   999.9
    2003     147    22.3     6.7   14.882        1.4   999.9
    2003     148    22.4     6.7   26.149        1.4   999.9
    2003     149    22.6     6.8   29.298        1.4   999.9
    2003     150    22.7     6.9    7.076        1.4   999.9
    2003     151    22.8     7.1   14.260        1.4   999.9
    2003     152    23.0     7.2   29.525        1.3   999.9
    2003     153    23.2     7.2   21.880        1.3   999.9
    2003     154    23.3     7.3   29.058        1.2   999.9
    2003     155    23.4     7.4   28.884        1.2   999.9
    2003     156    23.6     7.6   23.837        1.1   999.9
    2003     157    23.8     7.7   22.291        1.1   999.9
    2003     158    23.9     7.8   27.823        1.1   999.9
    2003     159    24.1     7.9   11.088        1.1   999.9
    2003     160    24.3     8.0   26.387        1.0   999.9
    2003     161    24.4     8.1   21.252        1.0   999.9
    2003     162    24.7     8.2   15.692        1.0   999.9
    2003     163    24.8     8.3   10.952        1.0   999.9
    2003     164    25.1     8.4   29.160        0.9   999.9
    2003     165    25.2     8.4   25.406        0.9   999.9
    2003     166    25.4     8.6   29.675        0.9   999.9
    2003     167    25.6     8.6   30.283        0.9   999.9
    2003     168    25.8     8.7   29.177        0.8   999.9
    2003     169    26.0     8.7   25.086        0.8   999.9
    2003     170    26.1     8.8   30.031        0.8   999.9
    2003     171    26.3     8.8   29.070        0.7   999.9
    2003     172    26.4     8.9   29.268        0.7   999.9
    2003     173    26.6     8.9   28.669        0.7   999.9
    2003     174    26.8     9.0   28.022        0.6   999.9
    2003     175    27.0     9.1   27.923        0.6   999.9
    2003     176    27.2     9.3   29.933        0.6   999.9
    2003     177    27.4     9.3   29.670        0.6   999.9
    2003     178    27.5     9.4   29.256        0.6   999.9
    2003     179    27.7     9.4   29.305        0.6   999.9
    2003     180    27.9     9.5   29.749        0.6   999.9
    2003     181    28.1     9.6   18.601        0.6   999.9
    2003     182    28.3     9.6   28.964        0.5   999.9
    2003     183    28.5     9.7   30.065        0.5   999.9
    2003     184    28.7     9.8   27.614        0.5   999.9
    2003     185    28.9     9.9   25.538        0.5   999.9
    2003     186    29.1     9.9   13.526        0.5   999.9
    2003     187    29.2    10.1   23.262        0.5   999.9
    2003     188    29.4    10.2   28.576        0.5   999.9
    2003     189    29.6    10.2   23.465        0.5   999.9
    2003     190    29.8    10.3   29.042        0.5   999.9
    2003     191    29.9    10.4   28.728        0.4   999.9
    2003     192    30.1    10.5   28.817        0.4   999.9
    2003     193    30.3    10.6   28.370        0.4   999.9
    2003     194    30.5    10.7   27.164        0.4   999.9
    2003     195    30.7    10.8   26.437        0.4   999.9
    2003     196    30.9    10.9   28.123        0.3   999.9
    2003     197    31.1    11.0   27.274        0.3   999.9
    2003     198    31.3    11.1   21.776        0.3   999.9
    2003     199    31.6    11.2   25.937        0.3   999.9
    2003     200    31.7    11.3   27.733        0.3   999.9
    2003     201    31.8    11.3   27.702        0.4   999.9
    2003     202    31.9    11.4   26.353        0.4   999.9
    2003     203    32.2    11.5   25.178        0.3   999.9
    2003     204    32.3    11.6   27.738        0.3   999.9
    2003     205    32.3    11.6   27.680        0.3   999.9
    2003     206    32.4    11.6   27.139        0.3   999.9
    2003     207    32.6    11.7   27.114        0.3   999.9
    2003     208    32.7    11.7   26.482        0.3   999.9
    2003     209    32.8    11.7   25.654        0.3   999.9
    2003     210    32.8    11.7   26.798        0.3   999.9
    2003     211    32.8    11.8   23.053        0.3   999.9
    2003     212    32.8    11.8   24.419        0.4   999.9
    2003     213    32.8    11.8   27.012        0.3   999.9
    2003     214    32.8    11.8   26.725        0.4   999.9
    2003     215    32.7    11.7   26.692        0.5   999.9
    2003     216    32.6    11.6   26.843        0.4   999.9
    2003     217    32.4    11.5   26.447        0.4   999.9
    2003     218    32.3    11.5   26.352        0.4   999.9
    2003     219    32.2    11.4   26.478        0.4   999.9
    2003     220    32.2    11.3   25.937        0.5   999.9
    2003     221    32.0    11.3   23.822        0.5   999.9
    2003     222    31.9    11.2   22.656        0.5   999.9
    2003     223    31.7    11.1   26.357        0.5   999.9
    2003     224    31.4    10.9   24.878        0.6   999.9
    2003     225    31.3    10.8   25.612        0.6   999.9
    2003     226    31.1    10.7   25.180        0.6   999.9
    2003     227    31.0    10.7   25.223        0.6   999.9
    2003     228    30.9    10.6   25.249        0.6   999.9
    2003     229    30.7    10.4   24.476        0.6   999.9
    2003     230    30.6    10.3   23.984        0.6   999.9
    2003     231    30.4    10.2   21.610        0.6   999.9
    2003     232    30.2    10.1   24.409        0.6   999.9
    2003     233    30.0     9.9   23.914        0.6   999.9
    2003     234    29.9     9.8   23.374        0.6   999.9
    2003     235    29.8     9.7   23.086        0.6   999.9
    2003     236    29.6     9.6   21.577        0.6   999.9
    2003     237    29.3     9.5   21.930        0.6   999.9
    2003     238    29.1     9.3   22.979        0.7   999.9
    2003     239    28.9     9.2   22.666        0.7   999.9
    2003     240    28.7     9.1   22.853        0.7   999.9
    2003     241    28.5     8.9   21.841        0.6   999.9
    2003     242    28.3     8.7   22.004        0.7   999.9
    2003     243    28.2     8.5   21.583        0.6   999.9
    2003     244    28.1     8.4    9.287        0.6   999.9
    2003     245    28.0     8.3   14.570        0.6   999.9
    2003     246    27.8     8.2   13.232        0.6   999.9
    2003     247    27.7     8.0   20.324        0.6   999.9
    2003     248    27.5     7.8   19.488        0.7   999.9
    2003     249    27.3     7.7   19.830        0.6   999.9
    2003     250    27.1     7.5   20.266        0.6   999.9
    2003     251    26.9     7.3   12.476        0.6   999.9
    2003     252    26.7     7.1   19.549        0.6   999.9
    2003     253    26.6     7.0    5.411        0.6   999.9
    2003     254    26.4     6.9   17.516        0.6   999.9
    2003     255    26.2     6.7   18.895        0.6   999.9
    2003     256    25.9     6.6   19.080        0.7   999.9
    2003     257    25.7     6.3   18.619        0.7   999.9
    2003     258    25.6     6.2   16.586        0.7   999.9
    2003     259    25.4     6.0   18.089        0.7   999.9
    2003     260    25.3     5.8   18.484        0.7   999.9
    2003     261    25.1     5.7   15.857        0.7   999.9
    2003     262    24.9     5.5   16.069        0.7   999.9
    2003     263    24.6     5.3   15.817        0.7   999.9
    2003     264    24.3     5.1    8.701        0.7   999.9
    2003     265    24.2     4.9   18.427        0.6   999.9
    2003     266    24.0     4.7   18.380        0.6   999.9
    2003     267    23.8     4.6   17.609        0.6   999.9
    2003     268    23.6     4.4   17.742        0.7   999.9
    2003     269    23.4     4.2   17.272        0.6   999.9
    2003     270    23.2     4.1   16.799        0.7   999.9
    2003     271    23.0     4.0   14.816        0.7   999.9
    2003     272    22.8     3.9    9.811        0.7   999.9
    2003     273    22.6     3.8    2.640        0.7   999.9
    2003     274    22.3     3.6   15.428        0.7   999.9
    2003     275    22.0     3.4   15.984        0.7   999.9
    2003     276    21.8     3.2   15.482        0.7   999.9
    2003     277    21.6     3.0   15.374        0.7   999.9
    2003     278    21.3     2.8   15.674        0.7   999.9
    2003     279    21.2     2.6   15.359        0.7   999.9
    2003     280    20.9     2.5   14.827        0.8   999.9
    2003     281    20.7     2.3   14.137        0.8   999.9
    2003     282    20.4     2.2    6.916        0.8   999.9
    2003     283    20.2     2.0    1.628        0.8   999.9
    2003     284    19.9     1.8    6.799        0.8   999.9
    2003     285    19.8     1.7    8.890        0.8   999.9
    2003     286    19.5     1.6   12.272        0.9   999.9
    2003     287    19.3     1.5   11.485        0.9   999.9
    2003     288    18.9     1.4   11.082        1.0   999.9
    2003     289    18.5     1.3   10.099        1.0   999.9
    2003     290    18.1     1.2   11.645        1.1   999.9
    2003     291    17.8     1.1    6.217        1.1   999.9
    2003     292    17.5     1.0   10.562        1.2   999.9
    2003     293    17.2     1.0    1.666        1.2   999.9
    2003     294    16.9     0.9   11.692        1.2   999.9
    2003     295    16.6     0.9   12.202        1.3   999.9
    2003     296    16.3     0.8   12.044        1.3   999.9
    2003     297    15.9     0.8   11.038        1.3   999.9
    2003     298    15.6     0.7    8.074        1.4   999.9
    2003     299    15.3     0.7    3.007        1.5   999.9
    2003     300    15.0     0.6   10.214        1.5   999.9
    2003     301    14.7     0.5    4.255        1.5   999.9
    2003     302    14.4     0.4    8.930        1.5   999.9
    2003     303    14.2     0.4    9.179        1.5   999.9
    2003     304    13.9     0.4    9.112        1.5   999.9
    2003     305    13.6     0.4    8.436        1.6   999.9
    2003     306    13.3     0.4    9.006        1.6   999.9
    2003     307    13.0     0.4    8.539        1.7   999.9
    2003     308    12.7     0.4    6.532        1.7   999.9
    2003     309    12.4     0.4    5.686        1.8   999.9
    2003     310    12.2     0.4    6.200        1.8   999.9
    2003     311    11.9     0.4    6.772        1.8   999.9
    2003     312    11.6     0.3    1.414        1.8   999.9
    2003     313    11.2     0.2    2.534        1.9   999.9
    2003     314    10.8     0.1    4.643        1.9   999.9
    2003     315    10.6     0.1    9.094        2.0   999.9
    2003     316    10.3     0.0    6.401        2.0   999.9
    2003     317    10.1    -0.1    5.761        2.0   999.9
    2003     318     9.9    -0.2    6.834        2.0   999.9
    2003     319     9.7    -0.2    8.046        2.0   999.9
    2003     320     9.4    -0.3    6.756        2.0   999.9
    2003     321     9.3    -0.4    2.362        2.0   999.9
    2003     322     9.1    -0.4    2.928        2.1   999.9
    2003     323     8.9    -0.6    6.272        2.1   999.9
    2003     324     8.8    -0.6    4.966        2.1   999.9
    2003     325     8.6    -0.7    2.412        2.1   999.9
    2003     326     8.3    -0.9    1.584        2.2   999.9
    2003     327     8.2    -1.1    0.851        2.1   999.9
    2003     328     7.9    -1.2    1.751        2.1   999.9
    2003     329     7.7    -1.3    1.999        2.1   999.9
    2003     330     7.6    -1.4    3.068        2.2   999.9
    2003     331     7.4    -1.6    7.093        2.1   999.9
    2003     332     7.2    -1.7    5.826        2.2   999.9
    2003     333     7.1    -1.8    0.998        2.2   999.9
    2003     334     7.0    -1.9    6.709        2.2   999.9
    2003     335     6.9    -2.0    1.315        2.2   999.9
    2003     336     6.8    -2.1    4.200        2.1   999.9
    2003     337     6.7    -2.1    1.039        2.1   999.9
    2003     338     6.6    -2.2    1.609        2.0   999.9
    2003     339     6.4    -2.4    0.682        2.0   999.9
    2003     340     6.2    -2.5    0.917        2.0   999.9
    2003     341     6.1    -2.6    1.006        2.0   999.9
    2003     342     6.0    -2.7    1.008        1.9   999.9
    2003     343     5.8    -2.8    4.042        1.8   999.9
    2003     344     5.7    -2.9    5.027        1.8   999.9
    2003     345     5.6    -3.0    3.328        1.7   999.9
    2003     346     5.5    -3.0    3.077        1.8   999.9
    2003     347     5.4    -3.1    2.258        1.7   999.9
    2003     348     5.3    -3.1    1.891        1.7   999.9
    2003     349     5.1    -3.3    3.941        1.7   999.9
    2003     350     4.9    -3.4    2.926        1.6   999.9
    2003     351     4.7    -3.6    6.370        1.6   999.9
    2003     352     4.6    -3.8    4.076        1.5   999.9
    2003     353     4.4    -3.9    1.466        1.6   999.9
    2003     354     4.3    -4.0    1.375        1.5   999.9
    2003     355     4.2    -4.1    1.741        1.4   999.9
    2003     356     4.2    -4.1    1.771        1.4   999.9
    2003     357     4.1    -4.2    1.400        1.4   999.9
    2003     358     3.9    -4.3    5.370        1.4   999.9
    2003     359     3.8    -4.4    1.139        1.4   999.9
    2003     360     3.7    -4.4    0.984        1.4   999.9
    2003     361     3.7    -4.5    5.174        1.5   999.9
    2003     362     3.6    -4.6    0.638        1.5   999.9
    2003     363     3.6    -4.6    1.217        1.5   999.9
    2003     364     3.5    -4.7    1.870        1.4   999.9
    2003     365     3.4    -4.7    3.960        1.5   999.9