    1978       1    16.7     3.3     999.9    0.00     999.9
    1978       2     3.3    -2.8     999.9    0.00     999.9
    1978       3     5.0    -2.8     999.9    0.00     999.9
    1978       4     9.4    -1.1     999.9    0.00     999.9
    1978       5    15.6     3.9     999.9    0.00     999.9
    1978       6    25.6     9.4     999.9    0.00     999.9
    1978       7    26.1    10.6     999.9    0.00     999.9
    1978       8    26.7     7.8     999.9    0.00     999.9
    1978       9     8.3    -5.0     999.9    0.00     999.9
    1978      10     5.0    -5.0     999.9    0.00     999.9
    1978      11     1.7    -1.1     999.9    0.00     999.9
    1978      12     0.0    -1.1     999.9   12.45     999.9
    1978      13     1.1     0.0     999.9    0.00     999.9
    1978      14    12.8    -0.6     999.9    0.00     999.9
    1978      15    14.4    -1.1     999.9    0.76     999.9
    1978      16    16.1    -3.9     999.9   18.29     999.9
    1978      17    22.8    -3.9     999.9    0.00     999.9
    1978      18     2.2    -4.4     999.9    0.00     999.9
    1978      19     1.1    -5.0     999.9    0.00     999.9
    1978      20     0.6    -6.7     999.9    0.00     999.9
    1978      21     0.6    -6.7     999.9    0.00     999.9
    1978      22     0.0    -5.0     999.9    0.00     999.9
    1978      23     0.0    -4.4     999.9    0.00     999.9
    1978      24     6.7     0.0     999.9    0.00     999.9
    1978      25     8.3     2.8     999.9    0.00     999.9
    1978      26    11.7    -5.6     999.9    0.00     999.9
    1978      27     7.2    -5.0     999.9    0.00     999.9
    1978      28     2.2    -1.1     999.9    0.00     999.9
    1978      29     3.9    -2.2     999.9    0.00     999.9
    1978      30     2.8    -3.3     999.9    2.54     999.9
    1978      31     3.9    -0.8     999.9    0.00     999.9
    1978      32     5.0     1.7     999.9    1.02     999.9
    1978      33     6.1     1.7     999.9    0.00     999.9
    1978      34     3.3     2.2     999.9    0.00     999.9
    1978      35     3.3     1.7     999.9    0.00     999.9
    1978      36     7.8    -1.7     999.9    0.00     999.9
    1978      37    10.0     0.6     999.9    0.00     999.9
    1978      38    10.6    -3.3     999.9    6.35     999.9
    1978      39     1.1    -6.1     999.9    0.00     999.9
    1978      40     0.6    -2.2     999.9    5.33     999.9
    1978      41     0.6    -1.7     999.9    1.27     999.9
    1978      42     1.1    -1.7     999.9    6.86     999.9
    1978      43    12.2     1.1     999.9    7.11     999.9
    1978      44    15.0     2.8     999.9    0.51     999.9
    1978      45    12.8    -1.1     999.9    0.00     999.9
    1978      46     8.3    -1.1     999.9    0.00     999.9
    1978      47     7.2     2.2     999.9    3.56     999.9
    1978      48    11.7     2.2     999.9    3.30     999.9
    1978      49     4.4    -3.3     999.9   10.16     999.9
    1978      50     5.0    -5.6     999.9    0.00     999.9
    1978      51    11.1    -5.6     999.9    0.00     999.9
    1978      52    15.0    -6.7     999.9    0.00     999.9
    1978      53     4.4    -3.3     999.9    0.00     999.9
    1978      54    20.6     0.0     999.9    0.00     999.9
    1978      55    11.1     4.4     999.9    0.00     999.9
    1978      56    17.8     5.0     999.9    0.00     999.9
    1978      57    18.9     6.1     999.9    0.00     999.9
    1978      58    16.7     7.8     999.9    0.00     999.9
    1978      59    22.2     6.1     999.9    2.54     999.9
    1978      60    27.8     6.1     999.9    0.00     999.9
    1978      61    14.4     7.2     999.9    0.00     999.9
    1978      62    25.0     3.3     999.9    1.27     999.9
    1978      63     3.3    -4.4     999.9    0.00     999.9
    1978      64     6.1    -4.4     999.9    0.00     999.9
    1978      65    16.7     1.7     999.9    1.27     999.9
    1978      66    15.6     1.7     999.9   52.07     999.9
    1978      67    10.0     3.9     999.9    0.00     999.9
    1978      68     4.4     0.6     999.9    0.00     999.9
    1978      69    16.1     0.6     999.9    0.00     999.9
    1978      70    22.2     5.0     999.9    0.00     999.9
    1978      71    22.2     5.6     999.9    0.00     999.9
    1978      72    16.7     7.2     999.9    0.00     999.9
    1978      73    26.7     8.9     999.9    0.00     999.9
    1978      74    24.4     6.1     999.9    0.00     999.9
    1978      75    24.4     2.8     999.9    0.00     999.9
    1978      76    17.2     3.3     999.9    0.00     999.9
    1978      77    22.8     7.2     999.9    0.00     999.9
    1978      78    26.1     9.4     999.9    0.00     999.9
    1978      79    26.1    11.7     999.9    0.00     999.9
    1978      80    27.2    15.0     999.9    0.00     999.9
    1978      81    26.7    15.0     999.9    0.00     999.9
    1978      82    27.8     8.9     999.9    0.00     999.9
    1978      83    21.7     5.6     999.9    0.25     999.9
    1978      84    16.7     6.1     999.9    0.00     999.9
    1978      85    17.8     6.1     999.9    0.00     999.9
    1978      86    20.0     7.8     999.9    0.00     999.9
    1978      87    20.0    11.1     999.9    0.00     999.9
    1978      88    23.9    11.1     999.9    0.00     999.9
    1978      89    26.1    11.1     999.9    0.00     999.9
    1978      90    25.0    11.1     999.9    0.00     999.9
    1978      91    26.7    11.1     999.9    0.00     999.9
    1978      92    29.4    15.6     999.9    0.00     999.9
    1978      93    27.8    17.8     999.9    0.00     999.9
    1978      94    28.3    15.6     999.9    0.00     999.9
    1978      95    31.1    19.4     999.9    0.00     999.9
    1978      96    26.1    17.2     999.9    1.27     999.9
    1978      97    29.4    17.2     999.9    0.00     999.9
    1978      98    27.8    16.7     999.9    0.00     999.9
    1978      99    23.3    16.7     999.9    0.00     999.9
    1978     100    22.8     9.4     999.9   39.37     999.9
    1978     101    22.2     9.4     999.9    0.00     999.9
    1978     102    21.7    11.7     999.9    0.00     999.9
    1978     103    22.2    10.6     999.9    0.00     999.9
    1978     104    22.6    11.7     999.9    0.00     999.9
    1978     105    23.1    12.8     999.9    0.00     999.9
    1978     106    23.5    10.0     999.9    0.00     999.9
    1978     107    23.9    12.8     999.9    0.00     999.9
    1978     108    28.3    11.7     999.9    0.00     999.9
    1978     109    26.7    12.8     999.9    0.00     999.9
    1978     110    21.1    12.2     999.9    0.00     999.9
    1978     111    17.2     7.2     999.9    0.00     999.9
    1978     112    30.0    12.2     999.9    0.00     999.9
    1978     113    31.1    13.3     999.9    0.00     999.9
    1978     114    24.4    14.4     999.9    0.00     999.9
    1978     115    33.9    15.6     999.9   46.74     999.9
    1978     116    21.1    14.4     999.9    0.00     999.9
    1978     117    25.0    11.7     999.9    0.00     999.9
    1978     118    27.2    12.8     999.9    0.00     999.9
    1978     119    29.4    14.4     999.9    0.00     999.9
    1978     120    28.9    15.6     999.9    0.00     999.9
    1978     121    27.8    16.7     999.9    0.00     999.9
    1978     122    28.9    15.6     999.9    0.00     999.9
    1978     123    17.8    10.6     999.9   23.88     999.9
    1978     124    18.3     7.8     999.9    0.00     999.9
    1978     125    23.9     8.9     999.9    0.00     999.9
    1978     126    21.7    17.2     999.9    0.00     999.9
    1978     127    31.1    21.1     999.9    0.00     999.9
    1978     128    30.0    18.3     999.9    0.00     999.9
    1978     129    33.3    17.8     999.9    0.00     999.9
    1978     130    30.6    18.3     999.9    0.00     999.9
    1978     131    31.7    18.3     999.9    6.35     999.9
    1978     132    28.9    20.6     999.9    0.00     999.9
    1978     133    28.9    10.0     999.9    0.00     999.9
    1978     134    31.7    11.1     999.9    0.00     999.9
    1978     135    33.3    14.4     999.9    0.00     999.9
    1978     136    33.9    17.8     999.9    0.00     999.9
    1978     137    33.9    22.8     999.9    0.00     999.9
    1978     138    32.8    21.1     999.9    0.00     999.9
    1978     139    32.8    21.1     999.9    0.00     999.9
    1978     140    30.0    17.2     999.9    0.00     999.9
    1978     141    28.9    20.0     999.9   27.69     999.9
    1978     142    28.9    19.4     999.9    2.29     999.9
    1978     143    28.9    20.0     999.9    0.00     999.9
    1978     144    30.0    21.1     999.9    0.00     999.9
    1978     145    26.7    21.1     999.9    0.00     999.9
    1978     146    31.1    21.7     999.9    0.00     999.9
    1978     147    26.7    21.7     999.9    0.00     999.9
    1978     148    30.0    21.1     999.9    0.00     999.9
    1978     149    31.7    21.7     999.9    0.00     999.9
    1978     150    31.1    21.1     999.9    0.00     999.9
    1978     151    32.8    20.6     999.9    0.00     999.9
    1978     152    32.8    21.1     999.9    0.00     999.9
    1978     153    32.2    21.1     999.9    0.00     999.9
    1978     154    31.1    21.7     999.9    0.00     999.9
    1978     155    27.8    22.2     999.9   44.45     999.9
    1978     156    31.1    20.6     999.9    0.00     999.9
    1978     157    32.8    21.7     999.9    0.00     999.9
    1978     158    34.4    18.9     999.9   41.40     999.9
    1978     159    29.4    18.9     999.9    2.54     999.9
    1978     160    31.7    18.3     999.9    0.00     999.9
    1978     161    33.3    20.0     999.9    0.00     999.9
    1978     162    32.8    21.1     999.9    0.00     999.9
    1978     163    33.9    22.8     999.9    0.00     999.9
    1978     164    35.6    23.9     999.9    0.00     999.9
    1978     165    31.1    22.8     999.9    0.00     999.9
    1978     166    33.9    22.8     999.9    0.00     999.9
    1978     167    28.9    22.8     999.9    0.00     999.9
    1978     168    33.9    23.3     999.9    0.00     999.9
    1978     169    35.6    22.8     999.9    0.00     999.9
    1978     170    34.4    23.3     999.9    0.00     999.9
    1978     171    31.1    21.1     999.9    0.00     999.9
    1978     172    30.0    21.1     999.9    0.00     999.9
    1978     173    30.0    21.7     999.9    0.00     999.9
    1978     174    35.0    22.2     999.9    0.00     999.9
    1978     175    35.6    22.8     999.9    0.00     999.9
    1978     176    36.7    23.9     999.9    0.00     999.9
    1978     177    36.7    23.9     999.9    0.00     999.9
    1978     178    36.7    23.3     999.9    0.00     999.9
    1978     179    31.7    22.8     999.9    0.00     999.9
    1978     180    36.1    23.3     999.9    0.00     999.9
    1978     181    36.7    22.2     999.9    0.00     999.9
    1978     182    37.2    23.3     999.9    0.00     999.9
    1978     183    37.2    22.8     999.9    0.00     999.9
    1978     184    38.3    23.3     999.9    0.00     999.9
    1978     185    38.9    23.3     999.9    0.00     999.9
    1978     186    38.9    23.9     999.9    0.00     999.9
    1978     187    38.9    23.3     999.9    0.00     999.9
    1978     188    38.9    23.3     999.9    0.00     999.9
    1978     189    38.9    22.8     999.9    0.00     999.9
    1978     190    38.9    23.3     999.9    0.00     999.9
    1978     191    38.3    23.9     999.9    0.00     999.9
    1978     192    38.9    23.9     999.9    0.00     999.9
    1978     193    37.8    23.3     999.9    0.00     999.9
    1978     194    37.8    24.4     999.9    0.00     999.9
    1978     195    38.3    24.4     999.9    0.00     999.9
    1978     196    41.7    25.0     999.9    0.00     999.9
    1978     197    41.1    25.6     999.9    0.00     999.9
    1978     198    41.7    25.6     999.9    0.00     999.9
    1978     199    38.3    22.8     999.9    0.00     999.9
    1978     200    38.9    23.9     999.9    0.00     999.9
    1978     201    36.7    24.4     999.9    0.00     999.9
    1978     202    38.3    23.9     999.9    0.00     999.9
    1978     203    38.3    23.9     999.9    0.00     999.9
    1978     204    37.8    24.4     999.9    0.00     999.9
    1978     205    31.1    22.8     999.9   29.97     999.9
    1978     206    36.7    23.3     999.9    0.00     999.9
    1978     207    36.7    23.3     999.9    0.00     999.9
    1978     208    37.8    23.9     999.9    0.00     999.9
    1978     209    36.7    25.0     999.9    0.00     999.9
    1978     210    36.7    23.9     999.9    0.00     999.9
    1978     211    36.7    23.3     999.9    0.00     999.9
    1978     212    36.7    23.3     999.9    0.00     999.9
    1978     213    27.8    23.3     999.9    0.00     999.9
    1978     214    27.2    20.6     999.9   20.57     999.9
    1978     215    33.3    22.2     999.9    0.51     999.9
    1978     216    35.0    23.3     999.9    0.00     999.9
    1978     217    35.0    20.6     999.9   25.40     999.9
    1978     218    29.4    23.3     999.9    0.00     999.9
    1978     219    31.7    21.1     999.9    0.00     999.9
    1978     220    35.0    23.3     999.9    7.87     999.9
    1978     221    35.6    24.4     999.9    0.00     999.9
    1978     222    36.1    22.2     999.9    0.00     999.9
    1978     223    37.8    22.2     999.9    0.00     999.9
    1978     224    38.3    23.9     999.9    0.00     999.9
    1978     225    37.8    22.8     999.9    0.00     999.9
    1978     226    38.3    23.9     999.9    0.00     999.9
    1978     227    37.8    23.3     999.9    0.00     999.9
    1978     228    37.8    23.9     999.9    0.00     999.9
    1978     229    38.3    23.3     999.9    0.00     999.9
    1978     230    37.8    25.0     999.9    0.00     999.9
    1978     231    38.3    25.0     999.9    0.00     999.9
    1978     232    37.2    23.9     999.9    0.00     999.9
    1978     233    38.3    24.4     999.9    0.00     999.9
    1978     234    37.8    22.2     999.9    1.27     999.9
    1978     235    36.7    23.3     999.9    0.00     999.9
    1978     236    37.2    23.9     999.9    0.00     999.9
    1978     237    37.2    22.2     999.9    0.00     999.9
    1978     238    37.8    23.3     999.9    0.00     999.9
    1978     239    37.2    23.9     999.9    0.00     999.9
    1978     240    37.8    23.3     999.9    0.00     999.9
    1978     241    36.1    24.4     999.9    0.00     999.9
    1978     242    34.4    25.0     999.9    0.00     999.9
    1978     243    31.1    20.6     999.9   33.02     999.9
    1978     244    31.7    21.7     999.9    1.78     999.9
    1978     245    31.1    22.2     999.9    0.00     999.9
    1978     246    28.3    22.2     999.9    0.00     999.9
    1978     247    35.6    22.2     999.9    0.00     999.9
    1978     248    35.0    22.8     999.9    0.00     999.9
    1978     249    33.9    20.6     999.9    0.00     999.9
    1978     250    32.8    20.6     999.9    0.00     999.9
    1978     251    31.7    22.2     999.9   15.24     999.9
    1978     252    28.3    22.2     999.9    5.84     999.9
    1978     253    28.3    21.1     999.9    6.35     999.9
    1978     254    31.7    20.6     999.9    6.10     999.9
    1978     255    30.6    22.2     999.9    5.08     999.9
    1978     256    33.9    24.4     999.9    0.00     999.9
    1978     257    26.7    22.8     999.9    0.51     999.9
    1978     258    33.9    24.4     999.9    0.00     999.9
    1978     259    33.3    23.9     999.9    0.00     999.9
    1978     260    33.3    23.9     999.9    0.00     999.9
    1978     261    33.3    23.9     999.9    0.00     999.9
    1978     262    33.9    23.9     999.9    0.00     999.9
    1978     263    35.0    22.8     999.9    0.00     999.9
    1978     264    34.4    20.6     999.9    0.51     999.9
    1978     265    26.7    18.9     999.9    6.60     999.9
    1978     266    32.8    19.4     999.9    0.00     999.9
    1978     267    32.8    19.4     999.9    0.00     999.9
    1978     268    32.8    19.4     999.9    0.00     999.9
    1978     269    31.7    19.4     999.9    0.00     999.9
    1978     270    27.8    20.0     999.9    0.00     999.9
    1978     271    21.7    18.3     999.9    1.78     999.9
    1978     272    27.8    18.9     999.9    0.00     999.9
    1978     273    33.9    17.2     999.9    0.00     999.9
    1978     274    33.9    17.2     999.9    0.00     999.9
    1978     275    33.9    17.2     999.9    0.00     999.9
    1978     276    32.2    19.4     999.9    0.00     999.9
    1978     277    32.8    18.3     999.9    0.00     999.9
    1978     278    32.2    18.3     999.9    0.00     999.9
    1978     279    32.2    18.3     999.9    0.00     999.9
    1978     280    27.8    16.7     999.9    0.00     999.9
    1978     281    27.8    15.6     999.9    0.00     999.9
    1978     282    23.9    14.4     999.9    1.02     999.9
    1978     283    27.8    14.4     999.9    0.00     999.9
    1978     284    27.8    17.8     999.9    0.00     999.9
    1978     285    32.8    21.7     999.9    0.00     999.9
    1978     286    32.8    18.9     999.9    0.00     999.9
    1978     287    28.9    11.1     999.9    0.00     999.9
    1978     288    28.9    11.1     999.9    0.00     999.9
    1978     289    28.9    11.1     999.9    0.00     999.9
    1978     290    31.7    11.1     999.9    0.00     999.9
    1978     291    27.8    10.6     999.9    0.00     999.9
    1978     292    31.7    11.1     999.9    0.00     999.9
    1978     293    31.7    11.1     999.9    0.00     999.9
    1978     294    32.8    15.6     999.9    0.00     999.9
    1978     295    32.8    15.6     999.9    0.00     999.9
    1978     296    30.0    15.6     999.9    0.00     999.9
    1978     297    21.1    12.8     999.9    0.00     999.9
    1978     298    26.7    13.9     999.9    0.00     999.9
    1978     299    21.1    12.8     999.9   43.43     999.9
    1978     300    21.7    10.6     999.9    0.00     999.9
    1978     301    26.1    10.6     999.9    0.00     999.9
    1978     302    26.1    10.6     999.9    0.00     999.9
    1978     303    26.1    10.6     999.9    0.00     999.9
    1978     304    29.4    14.4     999.9    0.00     999.9
    1978     305    29.4    14.4     999.9    0.00     999.9
    1978     306    29.4    15.6     999.9    0.00     999.9
    1978     307    30.0    16.1     999.9    0.00     999.9
    1978     308    28.9    15.6     999.9    0.00     999.9
    1978     309    28.9    15.6     999.9    0.00     999.9
    1978     310    28.9    12.8     999.9   62.23     999.9
    1978     311    18.3     4.4     999.9    0.00     999.9
    1978     312    18.3     4.4     999.9    0.00     999.9
    1978     313    21.7     6.7     999.9    0.00     999.9
    1978     314    21.7     6.7     999.9    0.00     999.9
    1978     315    27.8    13.3     999.9    0.00     999.9
    1978     316    21.1    13.3     999.9    0.00     999.9
    1978     317    27.8    13.3     999.9    0.00     999.9
    1978     318    28.3    17.8     999.9    0.00     999.9
    1978     319    27.2     6.1     999.9   10.16     999.9
    1978     320     8.9     5.6     999.9    9.65     999.9
    1978     321     7.8     2.2     999.9   21.59     999.9
    1978     322    20.0     7.8     999.9    0.00     999.9
    1978     323    20.0     7.8     999.9    0.00     999.9
    1978     324    15.6     7.8     999.9   24.13     999.9
    1978     325    11.1     8.9     999.9    6.60     999.9
    1978     326    10.6     8.3     999.9    3.05     999.9
    1978     327    15.6     8.9     999.9    1.27     999.9
    1978     328    16.8     7.8     999.9    0.00     999.9
    1978     329    18.0     5.9     999.9    0.00     999.9
    1978     330    19.1     4.1     999.9   17.27     999.9
    1978     331    20.3     2.2     999.9    0.00     999.9
    1978     332    21.5    -0.6     999.9    0.00     999.9
    1978     333    22.7     5.0     999.9    0.00     999.9
    1978     334    23.8     5.6     999.9    0.00     999.9
    1978     335    25.0     6.7     999.9    0.00     999.9
    1978     336    26.1     4.4     999.9    0.00     999.9
    1978     337    25.6     1.1     999.9   20.32     999.9
    1978     338    20.3     0.6     999.9   10.67     999.9
    1978     339    15.0     1.1     999.9    0.00     999.9
    1978     340     9.7     4.4     999.9    0.00     999.9
    1978     341     4.4     1.1     999.9    0.00     999.9
    1978     342     1.7    -2.2     999.9    0.00     999.9
    1978     343     4.4    -5.0     999.9    0.00     999.9
    1978     344     6.1    -7.2     999.9    0.00     999.9
    1978     345    11.4    -5.6     999.9    0.00     999.9
    1978     346    16.7    -2.2     999.9    0.00     999.9
    1978     347    17.8     1.1     999.9    0.00     999.9
    1978     348    13.3     1.1     999.9    0.00     999.9
    1978     349    15.0     4.4     999.9    0.00     999.9
    1978     350    16.7     5.0     999.9    0.00     999.9
    1978     351    12.8    -1.1     999.9    0.00     999.9
    1978     352    18.3    -1.1     999.9    0.00     999.9
    1978     353    23.9     5.6     999.9    0.00     999.9
    1978     354    22.8    12.8     999.9    0.00     999.9
    1978     355    20.0     1.1     999.9    0.00     999.9
    1978     356    14.4     0.0     999.9    0.00     999.9
    1978     357    17.2     1.1     999.9    0.00     999.9
    1978     358    19.4     2.8     999.9    0.00     999.9
    1978     359    16.8     0.6     999.9    0.00     999.9
    1978     360    14.3     1.7     999.9    0.00     999.9
    1978     361    11.7     6.1     999.9    0.00     999.9
    1978     362    16.1     5.6     999.9    0.00     999.9
    1978     363    15.6     5.6     999.9    0.00     999.9
    1978     364    10.0     1.7     999.9    0.00     999.9
    1978     365     2.2    -1.1     999.9   43.43     999.9
