1977   252         35.0          8.3         20.4        .0           999.9   22.4
1977   253         26.4          9.4         19.1        .0            18.8
1977   254         32.6         13.8         16.5        .0            21.9
1977   255         28.7         13.2         17.8       2.5            22.3
1977   256         19.7         13.2         13.1        .0            19.6
1977   257         23.6          8.3         17.5        .0            17.5
1977   258         27.6          7.8         19.1        .0            17.9
1977   259         28.7         11.6         17.0        .0            19.8
1977   260         31.5         11.6         13.8        .0            21.5
1977   261         29.3          7.8         19.0        .0            20.6
1977   262         27.0          5.6         19.7        .0            18.5
1977   263         34.4         11.1         18.8        .0            20.8
1977   264         33.3         14.9         19.0        .0            23.6
1977   265         27.0          7.2         17.4        .0            21.0
1977   266         28.2         11.1         15.7        .0            20.0
1977   267         27.6          2.2         19.0        .0            17.7
1977   268         27.6          9.4         19.1        .0            18.2
1977   269         32.1          7.2         16.6        .0            19.7
1977   270         27.6          7.8         16.7        .0            19.4
1977   271         25.7          7.2         12.2        .0            18.7
1977   272         23.8          6.6         15.5        .0            18.0
1977   273         21.9          6.1         18.3        .0            17.3
1977   274         20.0          5.5         16.8        .0            16.6
1977   275         16.8           .6         18.0        .0             8.0
1977   276         25.3          6.1         17.9        .0             8.8
1977   277         24.1          8.8         10.5        .0            10.3
1977   278         18.4          7.1         10.4        .0             9.7
1977   279          9.5          5.6         15.8        .0             7.3
1977   280         25.9          9.9         16.4        .0             9.3
1977   281         19.0          1.3         17.1        .0            11.2
1977   282         23.2          1.3         14.0        .0            11.9
1977   283          8.7          -.3         16.9        .0             9.1
1977   284         14.2         -4.6         16.7        .0             7.2
1977   285         20.8         -6.3         16.6        .0             8.4
1977   286         27.2           .4         16.5        .0            13.0
1977   287         22.8          3.6         15.5        .0            13.0
1977   288         14.9           .9         16.2        .0            11.3
1977   289         28.4          -.3         16.0        .0            13.8
1977   290         19.8          2.5         15.9        .0            12.7
1977   291         21.8          2.0         15.8        .0            12.1
1977   292         25.7          1.7         15.6        .0            13.5
1977   293         29.2          2.8         13.8        .0             9.9
1977   294         24.8          6.6         13.1        .0            10.4
1977   295         16.8          4.4         14.5        .0             8.8
1977   296         20.2          -.5         13.9        .0             7.5
1977   297         21.9          3.3         14.8        .0             7.9
1977   298         25.9          4.4         14.8        .0             9.3
1977   299         28.1          1.1         12.5        .0             9.8
1977   300         23.0          3.9         14.3        .0             9.4
1977   301         23.0          2.2         13.2        .0             8.9
1977   302         21.3          3.3         13.2        .0             8.6
1977   303         20.2          7.1         13.4        .0             8.9
1977   304         17.3           .0          9.1      15.2             7.6
1977   305         12.8          1.7         13.9        .0             6.1
1977   306         15.7         -3.1         13.8        .0             5.3
1977   307         12.8           .6         13.3        .0             5.1
1977   308         16.2         -1.0         13.0        .0             5.4
1977   309         19.0           .0         12.6        .0             6.3
1977   310         20.8          1.1          9.9        .0             7.1
1977   311         15.1          4.4          9.2        .0             7.2
1977   312         10.0         -2.1         12.9        .0             5.1
1977   313          2.0         -5.9         13.0        .0             2.0
1977   314         12.2         -6.5         12.9        .0             1.9
1977   315         16.2         -2.6         11.2        .0             3.9
1977   316         14.6         -3.1         12.7        .0             4.7
1977   317         20.2           .6         12.1        .0             6.1
1977   318         17.9           .0         10.3        .0             6.6
1977   319         15.1          -.5         12.3        .0             6.0
1977   320          9.7         -2.8         11.7        .0             4.8
1977   321         10.3         -4.0          9.8        .0             3.7
1977   322          9.5         -3.1          8.5        .0             3.9
1977   323         14.6         -6.2          9.4        .0             2.9
1977   324         10.0         -7.6         10.0        .0             3.9
1977   325         -4.1        -14.7         11.1        .0            -2.6
1977   326         14.6         -9.2         10.1        .0             -.2
1977   327          8.9         -6.5          9.7        .0             2.3
1977   328         10.0         -7.6         10.4        .0             2.8
1977   329         13.3         -1.0          8.7        .0             5.3
1977   330         14.6         -6.5          9.5        .0             6.0
1977   331          9.5         -1.0          6.6        .0             5.8
1977   332          2.7         -1.0          7.8        .0             3.9
1977   333         10.0         -9.8          6.9        .0             2.3
1977   334          4.9         -2.1          9.7        .0             2.4
1977   335          5.5         -7.0          8.0        .0             1.6
1977   336         16.7         -6.4          8.0        .0             2.2
1977   337         20.2          -.5          6.4        .0             8.5
1977   338         11.7          1.7          7.1        .0             8.9
1977   339          6.6         -5.9         10.2        .0             4.9
1977   340          -.6        -10.4         10.0        .0             -.7
1977   341         14.0         -4.8          8.6        .0             2.0
1977   342         11.7         -8.7         10.1        .0             3.5
1977   343         -9.2        -19.1          9.5        .0            -5.0
1977   344          8.3        -15.3         10.3        .0            -5.1
1977   345         15.1         -8.7          9.3        .0              .8
1977   346         18.4         -4.2         10.2        .0             6.1
1977   347         11.7         -3.1          9.1        .0             6.5
1977   348         19.0         -4.8          9.4        .0             7.4
1977   349         19.0         -2.6          7.2        .0             8.7
1977   350          8.9           .5          9.9        .0             4.5
1977   351          9.3         -9.1          9.8        .0              .1
1977   352         18.0         -6.9          8.1        .0             2.3
1977   353         11.7         -3.7         10.0        .0             5.6
1977   354          1.4        -10.0          9.8        .0            -3.8
1977   355          7.4         -9.7          8.5        .0            -2.9
1977   356         16.6         -5.6          9.9        .0             1.7
1977   357         17.0         -8.2         10.2        .0             1.9
1977   358          7.7         -4.2         10.2        .0             4.5
1977   359           .9        -13.6         10.3        .0             -.8
1977   360          4.4        -10.9          8.1        .0            -2.2
1977   361          6.0        -12.0          9.5        .0            -1.7
1977   362          7.6        -11.4          9.6        .0            -2.1
1977   363         12.7        -12.0         10.1        .0            -1.0
1977   364         11.5         -7.6          7.5        .0             1.0
1977   365          1.0        -16.4         10.1        .0            -3.7
1978     1         -5.2        -16.9         10.7        .0            -6.7
1978     2          4.4        -14.7          9.6        .0            -5.7
1978     3         10.0        -13.0          7.3        .0            -2.0
1978     4          7.6         -8.4          8.6        .0             -.6
1978     5         11.1         -7.6          8.7        .0             2.2
1978     6         15.7         -5.9          9.2        .0             4.7
1978     7          9.5          -.5         10.2        .0             5.8
1978     8          3.2        -14.1         10.2        .0              .7
1978     9         -8.0        -15.3          7.4        .0            -6.0
1978    10         -8.5        -13.0          9.4        .0            -8.6
1978    11         -4.1        -15.8          9.4        .0            -8.4
1978    12         12.7        -12.1          9.7        .0            -2.5
1978    13          6.9        -13.2         10.1        .0            -2.1
1978    14          7.5        -16.7         10.0        .0            -3.6
1978    15         -2.9         -8.7          6.4        .0            -3.1
1978    16         -9.8        -24.9         11.4        .0            -5.5
1978    17        -10.0        -24.7         11.2        .0            -7.3
1978    18        -10.8        -18.6          8.1        .0            -6.5
1978    19        -12.6        -24.9         11.0        .0            -7.3
1978    20        -12.3        -25.7          8.3        .0            -8.2
1978    21          5.3        -14.5         12.6        .0            -9.1
1978    22          7.9        -14.5         12.7        .0            -3.5
1978    23         -3.4         -8.0          3.2        .0            -3.6
1978    24         -1.6        -13.3         11.1        .0            -3.7
1978    25         -5.1        -14.1         11.8        .0            -7.3
1978    26         -1.4        -18.3         12.4        .0            -7.3
1978    27          3.6        -10.0         11.5        .0            -3.9
1978    28           .4        -10.4         12.3        .0            -4.2
1978    29         -6.8        -11.2          5.2        .0            -5.7
1978    30           .5         -8.5         12.8        .0            -3.7
1978    31         -2.2        -10.0          5.1        .0            -4.5
1978    32         -4.6        -15.7          9.0        .0            -4.5
1978    33          4.9        -15.8         12.4        .0            -5.4
1978    34         10.6         -7.0         13.2        .0             -.3
1978    35         11.1         -4.8         13.7        .0             3.4
1978    36          5.5         -7.0         13.0        .0             2.4
1978    37         -4.1         -8.7          8.4        .0            -1.8
1978    38         -9.7        -11.5          8.3       2.5            -6.3
1978    39         -9.7        -11.8          6.2        .0            -4.9
1978    40         -6.3        -20.8         13.3        .0            -4.7
1978    41         -6.4        -13.9         12.6        .0            -4.2
1978    42         -5.9         -8.6          6.7        .0            -3.5
1978    43         -6.0        -11.4          8.4       5.1            -3.3
1978    44         -9.2        -14.1         13.7      22.9            -8.3
1978    45         -9.7        -20.3          9.1        .0           -11.1
1978    46         -5.7        -13.6         13.0        .0            -9.8
1978    47        -11.4        -19.7          9.2        .0           -11.3
1978    48         -4.1        -21.8         14.3        .0           -11.5
1978    49         -2.9        -21.3         15.8        .0           -10.7
1978    50          -.6        -14.7         14.7        .0            -7.8
1978    51         -1.2         -9.8         14.3        .0            -5.1
1978    52          3.2        -16.9         16.3        .0            -4.6
1978    53          4.9         -3.7         16.4        .0            -1.0
1978    54          7.7         -4.8         17.1        .0             1.9
1978    55          9.5         -2.6         16.7        .0             3.9
1978    56          7.1         -2.1         15.5        .0             4.2
1978    57          1.5         -2.6         12.9        .0             2.4
1978    58          3.2         -3.1         12.4        .0             1.6
1978    59          2.0         -3.1         10.3        .0             1.3
1978    60         -2.9         -4.2         10.3        .0             -.5
1978    61         -3.5         -8.1         10.6        .0            -2.8
1978    62         -7.4        -15.3         12.2        .0            -6.7
1978    63         -1.8        -19.7         17.8        .0            -8.5
1978    64         19.7         -5.9         17.0        .0              .4
1978    65          3.2         -3.1         13.6        .0             3.1
1978    66          5.5         -4.2         12.3        .0             2.5
1978    67          6.6         -3.1         16.8        .0             2.7
1978    68         20.2         -4.2         18.6        .0             6.4
1978    69         13.3           .6          7.7        .0             8.2
1978    70         11.3         -2.6         20.0        .0             4.7
1978    71         16.0         -1.5         12.4        .0             4.8
1978    72          6.7         -2.1         11.1        .0             2.9
1978    73         12.4         -3.7         13.8       5.1             4.1
1978    74          5.0         -3.8         16.3        .0             2.6
1978    75          9.6         -3.8         21.2        .0             2.3
1978    76         20.9         -4.7         21.2        .0             6.2
1978    77         25.5           .1         18.9        .0             9.0
1978    78         11.4         -1.3         16.0        .0             6.7
1978    79         15.0          -.3         18.7        .0             8.4
1978    80         18.4          2.8         21.8        .0            10.8
1978    81         15.8          5.6         20.8        .0            10.7
1978    82          9.2          4.8          9.3        .0             5.7
1978    83         13.7           .7         21.2        .0             7.0
1978    84         11.2          3.7         17.0        .0             6.6
1978    85         17.1          1.1         22.1        .0             9.0
1978    86         19.4          3.8         22.6        .0            12.0
1978    87         18.9          5.9         19.3        .0            12.9
1978    88         20.9          7.7         21.8        .0            14.7
1978    89         22.6          8.4         22.9        .0            16.0
1978    90         24.3         10.1         25.2        .0            17.7
1978    91         18.6         10.9         18.8        .0            14.5
1978    92         22.1          6.8         21.9        .0            13.2
1978    93         22.8          8.1         18.0        .0            14.6
1978    94         21.0          9.1         22.0        .0            14.9
1978    95         25.3          6.7         19.5        .0            16.6
1978    96         23.3         -1.1         22.6        .0            15.5
1978    97         32.0          5.8         21.5        .0            19.4
1978    98         28.3         13.9         21.7        .0            20.7
1978    99         24.5          2.7         15.6        .0            14.1
1978   100         10.6         -4.3         16.5        .0             9.6
1978   101         24.3         -4.1         23.3        .0            13.5
1978   102         16.0          4.4         23.3        .0            15.1
1978   103         20.1         -2.1         21.9        .0            13.5
1978   104         16.6          2.6         21.7        .0            13.0
1978   105          8.3          3.7         14.0        .0             9.8
1978   106          6.8          4.5         14.1        .0             8.6
1978   107         12.7          3.2         16.3       2.5             8.3
1978   108         15.0          1.1         18.9        .0             7.6
1978   109         13.0         -1.4         17.5        .0            10.1
1978   110         17.6         -4.7         23.9        .0            11.9
1978   111         18.2          1.0         21.7        .0            12.0
1978   112         16.7         -3.2         24.6        .0            12.3
1978   113         21.8         -3.8         24.8        .0            13.9
1978   114         18.9          1.7         23.7        .0            15.0
1978   115         16.6         -5.7         21.1        .0            13.7
1978   116         24.0          5.0         16.1        .0            15.9
1978   117         26.3          9.4         21.5        .0            18.9
1978   118         26.3          1.6         25.3        .0            19.5
1978   119         24.3          6.0         23.8        .0            19.7
1978   120         12.8          8.4         16.0      83.8            12.3
1978   121          8.7          2.8         15.1      10.2             8.1
1978   122          5.8          2.1         15.2        .0             7.2
1978   123          8.2           .8         15.2        .0             7.9
1978   124          9.8           .2         21.5        .0             8.2
1978   125          6.3          2.0         15.3      40.6             6.4
1978   126          5.0          2.6         15.4      10.2             5.3
1978   127         16.0          1.6         21.0        .0            10.5
1978   128         17.1          2.2         25.6        .0            10.7
1978   129         20.2          1.4         25.1        .0            12.6
1978   130         30.6          7.0         25.3        .0            15.3
1978   131         26.5         12.6         24.7        .0            17.5
1978   132         18.8          8.3         25.0        .0            13.9
1978   133         25.0           .8         26.7        .0            15.2
1978   134         29.6          4.8         26.8        .0            18.5
1978   135         26.5          7.4         26.9        .0            19.6
1978   136         24.7          8.9         26.1        .0            19.0
1978   137         15.1         11.6          3.3        .0            15.1
1978   138         24.6          4.0         28.3        .0            17.1
1978   139         24.7         11.4         20.1        .0            19.1
1978   140         20.6          9.4         21.5        .0            18.3
1978   141         19.6          7.2         10.8        .0            16.5
1978   142         29.5         10.0         25.4        .0            20.2
1978   143         31.7          8.3         23.3        .0            21.5
1978   144         30.4         16.8         22.7        .0            22.5
1978   145         33.4         16.5         25.3        .0            23.6
1978   146         32.1         12.9         26.1        .0            23.5
1978   147         26.7         11.1         21.6      10.2            21.6
1978   148         18.9          9.4         17.8        .0            17.3
1978   149         28.0          6.1         23.4        .0            18.7
1978   150         33.7          9.5         26.0        .0            21.5
1978   151         18.8         11.4         17.3        .0            18.9
1978   152         17.8          9.7         16.0        .0            18.0
1978   153         19.3          9.9          8.8        .0            16.5
1978   154         20.0         10.4         10.4       2.5            16.7
1978   155         22.0         11.2         18.9      50.8            17.6
1978   156         24.6         11.9         17.0       2.5            18.6
1978   157         22.8          8.8         22.0        .0            19.0
1978   158         23.7          9.9         22.2       2.5            19.2
1978   159         24.6          9.0         24.1        .0            19.7
1978   160         31.9          9.8         27.4        .0            20.2
1978   161         34.4         15.5         25.0        .0            22.4
1978   162         27.7         12.7         28.5        .0            22.5
1978   163         26.7         10.8         21.0        .0            22.7
1978   164         33.5         13.1         26.4        .0            24.0
1978   165         38.4         15.4         28.1        .0            26.8
1978   166         40.1         15.7         29.2        .0            29.1
1978   167         39.0         15.9         29.9        .0            29.6
1978   168         28.1         13.1         28.7        .0            27.7
1978   169         28.5         14.1         27.8        .0            27.7
1978   170         35.2         16.6         22.4        .0            27.0
1978   171         23.9         14.6         23.0        .0            25.1
1978   172         28.0         15.3         18.8        .0            25.6
1978   173         36.9         17.8         27.2       5.1            26.7
1978   174         33.8         17.2         27.4        .0            27.6
1978   175         39.3         19.9         28.6        .0            30.0
1978   176         42.4         17.5         30.3        .0            31.5
1978   177         34.7         18.5         27.7        .0            31.0
1978   178         28.5         15.9         19.1       5.1            25.5
1978   179         32.8         17.3         26.5        .0            26.6
1978   180         34.1         17.6         27.6        .0            28.2
1978   181         31.7         16.7         21.7        .0            27.3
1978   182         37.1         16.3         26.3        .0            29.7
1978   183         37.3         15.9         27.5        .0            31.2
1978   184         38.9         16.1        999.9        .0           999.9
1978   185         37.2         14.4        999.9        .0           999.9
1978   186         36.7         20.6        999.9        .0           999.9
1978   187         36.7         17.2        999.9        .0           999.9
1978   188         35.0         20.0        999.9        .0           999.9
1978   189         31.1         17.2        999.9        .0           999.9
1978   190         31.7         17.2        999.9        .0           999.9
1978   191         36.7         15.6        999.9       7.6           999.9
1978   192         36.7         17.2        999.9        .0           999.9
1978   193         36.7         15.6        999.9        .0           999.9
1978   194         36.7         20.6        999.9        .0           999.9
1978   195         37.8         17.2        999.9        .0           999.9
1978   196         30.6         16.7        999.9       5.1           999.9
1978   197         37.2         17.2        999.9        .0           999.9
1978   198         38.9         19.4        999.9        .0           999.9
1978   199         37.8         20.6        999.9        .0           999.9
1978   200         39.4         21.7        999.9        .0           999.9
1978   201         37.8         17.2        999.9        .0           999.9
1978   202         35.6         16.7        999.9       7.6           999.9
1978   203         33.3         19.4        999.9        .0           999.9
1978   204         34.4         17.8        999.9        .0           999.9
1978   205         36.1         19.4        999.9        .0           999.9
1978   206         28.3         17.2        999.9      40.6           999.9
1978   207         21.1         16.1        999.9       2.5           999.9
1978   208         26.7         17.2        999.9        .0           999.9
1978   209         30.0         16.7        999.9        .0           999.9
1978   210         34.4         16.1        999.9        .0           999.9
1978   211         34.4         15.6        999.9        .0           999.9
1978   212         32.2         15.0        999.9        .0           999.9
1978   213         32.2         10.6        999.9        .0           999.9
1978   214         32.8         13.3        999.9        .0           999.9
1978   215         37.2         16.7        999.9        .0           999.9
1978   216         36.1         18.3        999.9        .0           999.9
1978   217         32.2         16.7        999.9        .0           999.9
1978   218         32.2         14.4        999.9      25.4           999.9
1978   219         37.8         17.8        999.9      12.7           999.9