1978   251         31.0         12.7         14.7        .0           999.9   22.6
1978   252         29.3         13.2         17.0        .0            22.1
1978   253         33.8         15.5         16.6        .0            23.9
1978   254         34.4         19.3         17.1        .0            26.1
1978   255         32.1          7.8         15.3        .0            23.6
1978   256         27.0         12.7         15.5        .0            21.3
1978   257         28.7          7.2         16.5        .0            19.7
1978   258         34.4          7.8         16.1        .0            20.6
1978   259         33.3         11.6         16.5        .0            22.4
1978   260         31.0         11.6         13.6        .0            22.4
1978   261         33.8         12.1         16.3        .0            23.0
1978   262         29.9          8.3         12.9        .0            21.5
1978   263         18.0          5.6          9.0        .0            16.5
1978   264         18.5         -1.0         13.9        .0            12.0
1978   265         21.3          3.9         15.0        .0            12.3
1978   266         28.7          4.4         15.5        .0            15.4
1978   267         22.5          8.9         11.3       5.1            16.7
1978   268         21.3         13.2         11.1        .0            17.5
1978   269         25.3         13.8         13.0        .0            19.3
1978   270         27.0         10.0         15.0        .0            19.7
1978   271         28.7          8.9         15.0        .0            19.7
1978   272         25.9          8.9         14.9        .0            18.9
1978   273         23.6          2.8         14.8        .0            16.2
1978   274         30.4         10.0         14.7        .0            18.3
1978   275         27.6          8.9         14.0       7.6            19.4
1978   276         19.1          7.2         14.1        .0            16.6
1978   277         24.8          4.4         14.4        .0            15.4
1978   278         18.0           .7         14.2        .0            12.7
1978   279         21.3         -2.7         14.1        .0            11.0
1978   280         23.6           .7         13.9        .0            12.1
1978   281         27.6          3.9         13.5        .0            15.0
1978   282         26.4         10.0         12.7        .0            17.7
1978   283         27.6          3.3         13.7        .0            17.5
1978   284         29.3          6.1         13.5        .0            17.8
1978   285         23.1          3.3         13.4        .0            16.0
1978   286         15.7          5.0         12.2        .0            13.2
1978   287         16.2          -.5         13.1        .0            10.4
1978   288         22.5          2.2         13.1        .0            11.7
1978   289         19.7           .1         12.9        .0            11.8
1978   290         27.0          8.2         13.2        .0            16.7
1978   291         15.9           .5         13.8        .0            12.3
1978   292         25.7           .7         16.2        .0            12.6
1978   293         28.2          4.3         14.4        .0            14.1
1978   294         23.5          8.0          8.0        .0            14.4
1978   295          9.5           .7          2.3      12.7             8.1
1978   296         11.5          1.9         14.6        .0             8.3
1978   297         18.4          1.5         14.4        .0             9.5
1978   298         11.3         -1.4          7.0        .0             7.5
1978   299         16.9         -1.9         15.6        .0             6.9
1978   300         21.9          -.1         15.4        .0             8.7
1978   301         24.0          1.4         15.3        .0             9.4
1978   302         24.4          -.6         15.0        .0             9.9
1978   303         10.1          2.6          8.5        .0             9.3
1978   304         15.3         -1.4         14.2        .0             9.3
1978   305         15.5           .1          9.3        .0             9.1
1978   306         25.2          2.2         11.9        .0            10.8
1978   307         22.2          3.5          9.6        .0            11.8
1978   308         21.3          5.1         11.6        .0            12.5
1978   309          9.9          3.1          6.0        .0             9.0
1978   310         10.0         -3.0         12.4        .0             8.0
1978   311         21.4         -2.4         11.7        .0             8.0
1978   312         28.1           .3         11.0        .0             9.8
1978   313         25.7          1.1         12.1        .0            10.3
1978   314          4.3         -4.2          1.8       2.5             5.4
1978   315         -1.9         -5.4          3.0        .0             2.2
1978   316          9.8         -3.7          7.4       2.5             4.3
1978   317         13.5         -5.9          7.0        .0             4.5
1978   318         -2.1         -6.5          4.0       2.5             2.2
1978   319          -.6         -5.1          5.3        .0             3.2
1978   320          2.2         -2.1          3.2        .0             3.2
1978   321         11.3         -3.7          9.8        .0             2.8
1978   322          9.0         -5.7          9.7        .0             2.1
1978   323         -2.8         -7.9          1.3        .0              .1
1978   324         -6.6         -9.1          1.6        .0            -1.7
1978   325         -4.2         -9.2          2.3        .0            -2.2
1978   326          4.5         -5.0          5.8       2.5             -.6
1978   327          9.6           .0          5.1        .0             1.5
1978   328          6.8         -1.3          4.0       2.5             2.4
1978   329          3.9          2.3          1.1      17.8             3.7
1978   330          2.5         -3.4          2.6        .0             2.0
1978   331          3.7         -5.0          6.9        .0              .4
1978   332          8.9         -5.7          9.8        .0              .4
1978   333         10.5         -2.7          9.7        .0             1.4
1978   334         11.3         -6.8          4.4        .0             1.4
1978   335         12.7         -4.5          7.0        .0             1.9
1978   336         -3.3        -14.8          3.9        .0             -.8
1978   337         -3.8        -15.8         10.2        .0            -3.1
1978   338         11.6        -11.6         10.1        .0            -1.7
1978   339          7.2         -7.7          1.6        .0             -.7
1978   340         -6.5        -12.4          6.3        .0            -1.0
1978   341        -10.9        -21.8          7.6        .0             -.6
1978   342        -11.1        -24.9         10.4        .0            -1.1
1978   343         -7.4        -23.4         10.3        .0            -1.4
1978   344          1.8        -16.8          9.9        .0            -1.1
1978   345           .2        -11.4         10.3       2.5             -.9
1978   346          9.7         -7.0         11.1        .0             -.6
1978   347          2.5         -6.3          9.3        .0             -.8
1978   348         10.9         -6.0         10.0        .0            -1.0
1978   349          9.1         -5.1          9.6        .0             -.3
1978   350          2.7         -6.5          9.9        .0            -1.3
1978   351          8.0         -5.9          4.5        .0            -1.3
1978   352         14.8           .1          8.2        .0              .0
1978   353         18.6         -2.2          5.8        .0             1.1
1978   354          2.3         -8.1          7.8        .0             -.3
1978   355          9.2         -9.3          1.6        .0            -1.1
1978   356          5.2         -9.6          7.5        .0            -1.1
1978   357          5.5         -9.8          5.4        .0             -.9
1978   358          9.8        -11.4          8.3        .0            -1.5
1978   359          4.1         -6.8          9.6        .0            -1.0
1978   360          1.9         -9.5          9.3        .0            -1.5
1978   361          7.5        -10.9          8.4        .0            -1.5
1978   362         14.7         -9.1          8.7        .0             -.4
1978   363         -8.1        -14.2          3.0        .0            -3.1
1978   364        -12.5        -15.6          3.1        .0            -3.9
1978   365        -12.3        -18.0          4.7        .0            -3.6
1979     1        -10.8        -19.4          8.6        .0            -6.1
1979     2         -1.0        -19.3         10.0        .0            -6.0
1979     3           .2        -18.2          9.0        .0            -5.3
1979     4        -10.3        -15.8          4.6        .0            -5.6
1979     5        -11.5        -16.4          5.7        .0            -4.6
1979     6         -5.3        -13.6          5.2        .0            -4.2
1979     7         -5.0        -19.5          9.9        .0            -5.9
1979     8          3.6        -19.6         10.5        .0            -6.5
1979     9          -.2        -17.2          9.8        .0            -6.4
1979    10         -8.9        -12.6          3.9        .0            -6.1
1979    11          4.8        -12.0          8.2        .0            -4.3
1979    12         -1.7        -16.1          1.4       5.1            -3.8
1979    13        -12.6        -23.8         10.1        .0            -7.3
1979    14        -13.3        -24.8         10.5        .0            -9.1
1979    15         11.2        -13.3          8.4        .0            -5.7
1979    16          8.5        -16.2          9.2        .0            -4.1
1979    17          5.2        -11.0         10.0        .0            -3.0
1979    18          1.8         -2.3          2.1      10.2             -.7
1979    19          4.4         -3.9          9.1        .0             -.2
1979    20          2.3         -4.4         10.7        .0             -.5
1979    21          9.5         -6.2         11.2        .0            -1.5
1979    22          5.4         -9.8          5.2        .0            -1.2
1979    23         -1.6        -13.7         11.8        .0            -4.7
1979    24          3.5        -12.1         11.7        .0            -4.3
1979    25         -1.0         -7.2          4.9        .0            -3.4
1979    26         -4.6        -11.1          6.0        .0            -4.7
1979    27         -2.6        -14.3         12.4        .0            -6.1
1979    28         -2.4        -17.1         11.6        .0            -6.0
1979    29         -8.3        -17.0          8.7        .0            -5.4
1979    30        -12.4        -25.2         13.1        .0            -6.2
1979    31         -4.5        -23.4         13.3        .0            -7.9
1979    32          2.0        -18.9         12.8       2.5            -6.8
1979    33         -7.4        -21.3         12.7        .0            -7.1
1979    34          5.0        -18.4         11.6        .0            -6.2
1979    35         -1.8        -16.0         12.9        .0            -6.1
1979    36          3.6        -15.1         13.5        .0            -5.6
1979    37          2.6        -10.6         10.6        .0            -3.5
1979    38          6.1        -10.5         10.0        .0            -2.9
1979    39          2.4        -10.7         13.8        .0            -2.8
1979    40          8.6         -9.7         14.1        .0            -2.8
1979    41         12.7         -3.9         12.6        .0            -1.1
1979    42         15.7         -2.8          8.9        .0             -.1
1979    43         12.8         -3.6         11.6        .0              .2
1979    44         17.4         -1.5         13.7        .0             1.5
1979    45         26.5           .4         11.6        .0             3.9
1979    46         10.6        -13.0         13.2        .0              .7
1979    47         -8.8        -15.6          8.5        .0            -1.7
1979    48          2.4        -13.0         12.6        .0            -1.6
1979    49         13.9         -7.1         12.2        .0             -.5
1979    50         15.7         -3.4          4.5        .0             1.0
1979    51         13.3         -3.9          6.5        .0             1.5
1979    52          8.5         -5.0          4.7        .0              .7
1979    53         15.3         -2.7         12.7        .0             2.4
1979    54          5.0         -6.7         15.3        .0             1.4
1979    55          4.8         -6.1         14.5        .0             1.3
1979    56         13.0         -4.2         16.4        .0             1.8
1979    57         15.6         -4.3         15.2        .0             2.8
1979    58          6.2         -2.8          8.4        .0             1.6
1979    59         12.4         -2.3         15.2        .0             3.0
1979    60         20.4         -3.0         15.9        .0             4.3
1979    61         10.7         -4.3          4.4       5.1             4.7
1979    62          1.2         -7.2         17.5       2.5              .7
1979    63          6.9        -10.5         18.7        .0             -.2
1979    64         14.8         -3.6         18.8        .0             1.4
1979    65         16.9          3.0         15.7        .0             4.6
1979    66         17.6          4.1         15.9        .0             7.3
1979    67         11.9           .6         17.6        .0             7.2
1979    68          6.8         -2.0         14.8        .0             4.1
1979    69         11.6         -5.5         18.5        .0             3.3
1979    70         24.1          -.5          8.6        .0             6.5
1979    71         20.9         -4.1         20.1        .0             6.4
1979    72         13.0         -2.9         19.4        .0             5.8
1979    73         17.0         -7.2         17.7        .0             5.2
1979    74          9.1          -.9          8.2        .0             4.4
1979    75         15.1          2.8         17.1        .0             6.4
1979    76         19.5          4.5         16.7        .0             8.5
1979    77         14.5         -1.2          9.1      10.2             7.4
1979    78         10.1         -1.9         12.9        .0             5.2
1979    79          6.9         -1.8          7.6        .0             4.4
1979    80          9.2          3.6          3.1      30.5             5.5
1979    81          8.3           .4          5.9       2.5             4.6
1979    82          7.0         -1.1         18.4        .0             3.5
1979    83         11.2         -1.0         16.0        .0             5.1
1979    84         19.6          -.9         11.5        .0             7.9
1979    85          1.4         -2.6          5.1        .0             2.6
1979    86         16.1         -1.4         12.3        .0             6.0
1979    87         27.3          1.1          3.5        .0            10.4
1979    88         21.7          2.6         21.7        .0            10.9
1979    89         14.4          2.0         18.5        .0             9.1
1979    90          5.1           .3          4.9        .0             5.0
1979    91          3.3          -.5         14.4       5.1             2.5
1979    92          4.5         -1.3          6.6        .0             2.5
1979    93           .7         -3.8         11.5       2.5             1.6
1979    94         13.0         -5.7          9.3        .0             5.0
1979    95         21.3         -2.2          3.3        .0             8.3
1979    96          9.0         -4.0         16.4       2.5             5.7
1979    97         28.6         -2.2         18.6        .0            10.5
1979    98         17.9          1.6         22.7        .0            10.2
1979    99         20.2         -1.7         19.3        .0             9.6
1979   100         15.2          5.2          9.3       5.1             8.2
1979   101         13.9          1.1         21.0        .0             8.9
1979   102         12.8          -.8         17.6        .0             7.4
1979   103         19.1         -4.2         20.8        .0             8.8
1979   104         22.6           .9         15.5        .0            11.5
1979   105         28.3          1.7         19.3        .0            13.0
1979   106         26.7          5.3         19.4        .0            14.4
1979   107         26.0          9.0         16.6        .0            14.7
1979   108         27.6         11.4         22.4        .0            16.5
1979   109         29.3         12.6         24.0        .0            17.7
1979   110         19.4          2.7         25.3        .0            15.3
1979   111         20.0           .9         22.1        .0            13.2
1979   112         24.7          4.2         24.8        .0            14.0
1979   113         26.1          6.1         24.0        .0            14.9
1979   114         29.7          7.9         21.7        .0            16.0
1979   115         17.0          4.0         16.8        .0            13.8
1979   116         22.3          2.0         24.2        .0            13.3
1979   117         15.0           .5         17.2        .0            11.6
1979   118         20.2          -.4         18.7        .0            11.6
1979   119         21.2         -2.2         21.8        .0            12.5
1979   120         18.6           .7         24.1        .0            13.2
1979   121         22.9          6.3         15.7        .0            13.6
1979   122         11.6          4.7          4.8       5.1            10.7
1979   123          5.5          2.2          7.3        .0             7.3
1979   124         18.4         -4.7         26.5        .0             9.9
1979   125         30.4          1.5         11.6        .0            13.6
1979   126         32.6          7.4          2.9        .0            15.7
1979   127         22.8          6.1         15.0        .0            15.2
1979   128         20.8          5.9          3.7        .0            14.6
1979   129          9.9          2.8          3.2        .0            11.2
1979   130         10.7         -3.3          4.0        .0            10.6
1979   131         19.6         -4.4          4.3        .0            11.1
1979   132         19.5         -1.7          5.4        .0            12.1
1979   133         26.5           .3          4.7        .0            14.0
1979   134         26.4          2.2          3.7        .0            15.6
1979   135         25.9          6.8         21.4        .0            17.5
1979   136         32.7          5.2          3.9        .0            17.9
1979   137         24.9         12.0         19.7        .0            18.5
1979   138         32.7          8.0         19.4        .0            19.8
1979   139         23.5         11.1         12.3        .0            18.1
1979   140         15.1          9.5          2.6       5.1            15.4
1979   141         16.3          6.2          6.7        .0            13.4
1979   142         27.8          6.3         15.5       5.1            17.5
1979   143         16.0          9.4          2.5        .0            15.0
1979   144         19.4          2.1          3.9        .0            13.3
1979   145         20.7         11.7          2.2        .0            14.9
1979   146         27.5          7.0          3.4        .0            17.7
1979   147         32.6          7.9         12.2        .0            19.1
1979   148         31.4         10.0         19.6        .0            20.4
1979   149         33.0         10.0         20.7      22.9            20.8
1979   150         16.2          9.0          3.6       5.1            17.4
1979   151         14.6          7.5          3.7       2.5            14.2
1979   152         19.5          7.4          5.1        .0            15.2
1979   153         23.2          4.5          5.2        .0            14.8
1979   154         28.5          7.5          7.4        .0            17.9
1979   155         32.3         10.4          5.4        .0            19.1
1979   156         31.8         12.6          2.3        .0            20.4
1979   157         31.4         10.3         12.7        .0            21.8
1979   158         27.5         12.7         24.3        .0            21.7
1979   159         12.3          8.4          1.4      10.2            14.9
1979   160         12.5          4.5          8.0       2.5            12.9
1979   161         25.7          4.3          8.0        .0            16.0
1979   162         31.6          6.7         21.7        .0            18.9
1979   163         36.8          8.8          6.5        .0            21.6
1979   164         40.7         10.6         16.6        .0            23.4
1979   165         42.0         11.0          8.4        .0            25.0
1979   166         35.8         16.0         26.1        .0            25.9
1979   167         33.2         11.7         28.1        .0            26.2
1979   168         27.3         12.6         23.9        .0            24.8
1979   169         36.8         14.9         25.1        .0            25.8
1979   170         27.7         12.9         27.7        .0            24.8
1979   171         33.6          5.8         29.0        .0            24.8
1979   172         39.9          8.1         25.8        .0            26.9
1979   173         35.5         10.6         24.7        .0            27.7
1979   174         25.9         14.3         19.6       5.1            24.4
1979   175         28.5         14.9         16.1      12.7            22.5
1979   176         34.8         12.9         27.9        .0            22.9
1979   177         37.9         17.1         26.9        .0            24.6
1979   178         35.0         16.7        999.9        .0            24.9
1979   179         33.3         16.7        999.9        .0            24.9
1979   180         33.3         16.7        999.9        .0            24.9
1979   181         31.1         16.1        999.9        .0            24.9
1979   182         35.6         16.1        999.9        .0            24.9
1979   183         36.7         17.2        999.9        .0            24.9
1979   184         38.9         16.1        999.9        .0            24.9
1979   185         38.9         20.6        999.9        .0            24.9
1979   186         38.9         21.1        999.9        .0            24.9
1979   187         33.9         15.6        999.9        .0            24.9
1979   188         33.9         14.4        999.9        .0            24.9
1979   189         40.6         17.2        999.9        .0            24.9
1979   190         35.0         20.6        999.9        .0            24.9
1979   191         27.2         13.9        999.9        .0            24.9
1979   192         36.1         16.1        999.9      12.7            24.9
1979   193         37.8         16.7        999.9       2.5            24.9
1979   194         37.2         19.4        999.9        .0            24.9
1979   195         38.9         17.2        999.9        .0            24.9
1979   196         37.8         16.7        999.9        .0            24.9
1979   197         38.9         18.9        999.9       2.5            24.9
1979   198         39.4         20.0        999.9        .0            24.9
1979   199         33.9         18.3        999.9        .0            24.9
1979   200         36.1         15.6        999.9        .0            24.9
1979   201         36.1         18.3        999.9       5.1            24.9
1979   202         37.8         20.6        999.9        .0            24.9
1979   203         26.7         13.3        999.9      17.8            24.9
1979   204         27.8         12.2        999.9        .0            24.9
1979   205         33.9         13.3        999.9        .0            24.9
1979   206         37.8         16.1        999.9        .0            24.9
1979   207         37.2         17.2        999.9        .0            24.9
1979   208         35.0         13.9        999.9        .0            24.9
1979   209         39.4         18.9        999.9        .0            24.9
1979   210         32.8         18.3        999.9        .0            24.9
1979   211         30.0         16.7        999.9       2.5            24.9
1979   212         32.8         13.9        999.9      10.2            24.9