1979    259         26.4          5.0         21.4        .0           999.9   16.7
1979    260         28.2          5.0         19.4        .0            17.5
1979    261         25.9          7.2         20.4        .0            17.5
1979    262         27.0          7.2         20.2        .0            17.8
1979    263         27.6          9.4         19.7        .0            18.7
1979    264         20.8          3.3         18.5        .0            15.9
1979    265         29.9          2.8         20.4        .0            16.0
1979    266         33.8          6.1         20.3        .0            18.8
1979    267         30.4          8.9         20.2        .0            20.3
1979    268         28.2          8.9         20.0        .0            20.0
1979    269         33.3         12.1         19.7        .0            21.7
1979    270         29.9         12.7         18.3        .0            22.4
1979    271         29.3         10.0         17.5        .0            21.3
1979    272         32.1          8.3         19.4        .0            20.9
1979    273         32.6          7.2         19.2        .0            20.8
1979    274         22.0         10.6         18.7        .0            18.9
1979    275         33.3          6.1         18.9        .0            19.4
1979    276         29.3          6.1         18.2        .0            19.2
1979    277         22.5           .1         18.6        .0            15.4
1979    278         28.2          4.4         17.6        .0            15.6
1979    279         28.2          3.9         17.8        .0            16.7
1979    280         30.4          6.7         16.9        .0            18.3
1979    281         33.3          6.7         15.4        .0            20.0
1979    282         15.7          4.4         15.1        .0            15.4
1979    283         25.3         -1.6         14.9        .0            13.0
1979    284         29.9          8.9         17.5        .0            16.8
1979    285         28.7          5.6         15.6        .0            18.4
1979    286         19.1           .1         17.3        .0            14.3
1979    287         26.4          4.4         16.0        .0            14.6
1979    288         28.2          9.4         15.6        .0            17.6
1979    289         24.8          6.1         15.3        .0            17.6
1979    290         19.7          1.2         15.0        .0            14.1
1979    291         27.5          9.3         10.3        .0            17.3
1979    292         27.8          1.9         11.6        .0            15.3
1979    293         22.7          7.6         16.3        .0            17.6
1979    294          8.7          -.7         13.6        .0             7.8
1979    295         13.1          -.6         15.4        .0             7.4
1979    296         21.4         -1.1         15.0        .0            10.0
1979    297         22.6          -.5         15.2        .0            11.5
1979    298         23.0          2.3         15.3        .0            12.1
1979    299         27.3          2.3         15.2      15.2            14.1
1979    300         16.8          1.2         14.1        .0            12.3
1979    301         19.6         -1.1         15.1        .0            10.4
1979    302         18.1          4.3         10.2        .0            12.0
1979    303          3.9          -.5          4.9        .0             4.0
1979    304          2.8         -3.3         10.0        .0             2.7
1979    305          6.1         -5.1         13.4        .0             2.9
1979    306          7.7         -4.8         14.5        .0             3.5
1979    307         12.4         -6.1         14.2        .0             3.5
1979    308         12.0         -3.4          7.4        .0             4.6
1979    309          3.6         -1.5          6.7        .0             4.1
1979    310          5.5         -3.7         12.8        .0             3.9
1979    311         10.9         -2.8          7.1        .0             4.8
1979    312          3.7           .2          4.5        .0             4.2
1979    313          4.4         -3.4         11.4        .0             4.0
1979    314          2.2         -4.5          4.8       2.5             2.3
1979    315          7.4         -6.1          4.4        .0             2.2
1979    316          6.2         -6.7         12.0        .0             2.7
1979    317         12.2         -6.1         13.2        .0             2.9
1979    318         12.4         -6.8         13.1      10.2             3.2
1979    319         17.8         -4.5         12.9        .0             4.1
1979    320         17.0         -4.7         12.8        .0             4.0
1979    321         21.1         -6.9         12.7        .0             4.7
1979    322         18.2         -2.9         10.2        .0             5.7
1979    323         12.6         -2.3         11.9        .0             5.5
1979    324          4.7           .0          4.1       5.1             3.9
1979    325           .9         -5.9          4.1        .0             1.0
1979    326          1.6         -7.6         11.4        .0              .3
1979    327          8.7         -7.4         11.9        .0              .2
1979    328         10.1         -6.5         12.1        .0             1.1
1979    329          5.3         -5.3          7.5        .0             1.5
1979    330          9.9         -7.7         11.3        .0             1.5
1979    331          3.1         -6.9          8.7        .0             1.4
1979    332         -2.2         -9.2         11.7        .0             -.6
1979    333          1.1        -12.7         11.6        .0            -1.4
1979    334          7.3        -13.6          9.9        .0            -1.4
1979    335          6.0        -11.5         10.9        .0             -.6
1979    336         11.4        -12.4         11.4        .0            -1.0
1979    337         15.4         -1.3          9.3        .0              .5
1979    338         20.4         -2.9         11.2        .0             1.8
1979    339          8.6         -5.5          4.7        .0             2.1
1979    340         13.0         -6.9         10.8        .0             1.3
1979    341          7.6         -5.4          8.8        .0             1.8
1979    342          8.8         -4.7          7.1        .0             1.8
1979    343         17.7         -5.3         10.9        .0             2.9
1979    344         19.2         -4.8         10.9        .0             3.4
1979    345          2.6         -5.1          6.4        .0             1.0
1979    346          3.3        -12.0         10.8        .0             -.1
1979    347          5.7        -11.8         10.3        .0             -.6
1979    348         11.5         -9.7         10.6        .0             -.5
1979    349         20.3         -9.1         10.6        .0              .5
1979    350         -1.9        -15.3         10.6        .0            -1.4
1979    351         18.0        -12.4         10.5        .0             -.5
1979    352         20.3         -4.4         10.5        .0              .9
1979    353         14.7         -7.2          9.5        .0             1.1
1979    354         16.1         -8.4          9.3        .0              .6
1979    355         13.1         -6.8          9.5        .0              .7
1979    356          2.0         -3.9          9.6        .0              .0
1979    357          4.0         -3.6          3.5        .0              .0
1979    358          9.0         -8.9         10.4        .0              .0
1979    359         10.8         -5.7          7.2        .0              .1
1979    360          8.4         -1.4          6.2        .0              .6
1979    361          3.8         -2.2          3.6        .0              .3
1979    362          1.0         -4.6          3.6       2.5              .4
1979    363          -.9         -6.5          3.6        .0              .3
1979    364         -3.0        -19.1          7.2        .0              .5
1979    365          -.8        -14.6         11.1        .0              .5
1980      1          5.0         -8.8          7.5       5.1              .6
1980      2          3.0         -5.5          3.7        .0              .4
1980      3           .0         -6.7          3.8        .0              .4
1980      4          2.5         -8.3          6.5        .0              .6
1980      5           .3         -9.6          7.8        .0              .5
1980      6          4.0        -18.5          3.9        .0              .5
1980      7         -6.1        -19.9          4.4        .0             -.4
1980      8         -3.3        -19.7         11.8        .0            -1.3
1980      9         -3.2        -15.6          8.0        .0            -1.6
1980     10          5.0        -10.4          9.9        .0            -1.5
1980     11          -.5         -9.3         11.1        .0             -.8
1980     12          3.0         -6.0          9.6        .0            -1.0
1980     13          6.7         -2.6         12.2        .0              .1
1980     14          4.6         -3.4         11.1        .0              .2
1980     15          2.9           .9          4.4        .0              .1
1980     16          5.4         -3.9          8.1        .0              .3
1980     17          2.2         -5.1         11.2        .0              .2
1980     18          2.7         -4.4          4.2       2.5             -.2
1980     19         -3.7         -8.1          4.2       2.5             -.4
1980     20         -4.8         -8.6          4.3        .0            -1.3
1980     21          4.9         -9.7          9.1        .0            -1.1
1980     22          1.4         -4.4         11.9        .0             -.6
1980     23          8.1         -2.6         13.2        .0             -.5
1980     24         15.4         -1.4         13.4        .0              .8
1980     25           .5        -14.3         10.2       2.5              .0
1980     26        -12.2        -16.7          4.5        .0            -1.8
1980     27        -12.3        -17.7          7.8        .0            -2.8
1980     28        -13.3        -17.2          4.6        .0            -2.8
1980     29         -8.2        -16.7          4.6        .0            -3.4
1980     30         -8.3        -20.5          8.7        .0            -3.8
1980     31          -.3        -20.9         14.2        .0            -4.2
1980     32          3.5        -12.8          9.3        .0            -2.4
1980     33          7.1         -4.9         12.6        .0            -1.2
1980     34         10.8         -2.4         13.4        .0              .4
1980     35         10.2         -1.7          8.0        .0             1.6
1980     36          6.4         -3.9         12.7        .0             1.2
1980     37          3.5         -5.4         11.3        .0              .1
1980     38         -1.1        -10.7          5.0        .0             -.1
1980     39         -7.7        -19.7          7.1        .0             -.1
1980     40          1.2        -19.8         15.2        .0             -.6
1980     41          3.0         -9.9         15.5        .0             -.6
1980     42          1.6        -10.2         14.9        .0             -.8
1980     43          4.2        -10.0         12.7        .0             -.9
1980     44          5.7         -5.4          7.2        .0             -.1
1980     45         -3.6         -8.0          5.3        .0            -1.3
1980     46         -5.2        -12.7          5.4        .0            -3.6
1980     47         -5.1        -12.2         11.0        .0            -3.8
1980     48           .4        -10.4         14.0        .0            -2.2
1980     49         12.3         -5.3          9.2        .0              .0
1980     50         16.3          -.3         16.3        .0             3.1
1980     51         17.5         -1.1         14.7        .0             3.5
1980     52         11.4          -.6         13.7        .0             4.2
1980     53          8.2         -1.9          5.7        .0             3.1
1980     54          1.6         -1.1          5.7        .0             1.1
1980     55         10.3         -3.0         13.4        .0             3.2
1980     56          7.7         -6.0         17.7        .0             2.8
1980     57         15.4         -2.9         16.9        .0             4.2
1980     58         18.8         -1.4         17.3        .0             5.5
1980     59         17.0         -3.5         15.8        .0             6.5
1980     60         -2.7        -17.7          6.0        .0              .1
1980     61         -7.2        -19.8         18.0        .0             -.4
1980     62          1.8        -18.6         17.7        .0             -.6
1980     63          9.7         -4.7          7.6        .0              .4
1980     64           .7        -10.3          8.7        .0             -.2
1980     65         -3.2        -11.1         12.8        .0            -2.3
1980     66         15.5         -7.4         12.4        .0             -.8
1980     67           .4         -5.3         13.8        .0             -.1
1980     68          9.6         -6.0         19.2        .0             1.6
1980     69         12.9         -4.8         19.7        .0             3.1
1980     70         15.6         -3.4         19.8        .0             5.0
1980     71          5.5         -2.0          7.0        .0             2.5
1980     72         15.5          -.5          6.7        .0             5.0
1980     73         11.7         -4.4         20.3        .0             4.2
1980     74         17.2         -3.9         20.0        .0             7.0
1980     75         22.3         -2.7         19.1        .0             8.4
1980     76          6.5         -4.7         15.2        .0             2.5
1980     77          8.7         -8.6         19.2        .0             3.7
1980     78         18.4         -5.5         20.0        .0             5.1
1980     79         19.2          -.5         19.4        .0             8.9
1980     80         12.1         -1.7         18.3        .0             7.7
1980     81         21.9         -5.1         21.1        .0             8.0
1980     82         10.5           .5          9.7        .0             6.5
1980     83           .8         -4.0          4.7       2.5             1.7
1980     84           .8        -10.3         22.3        .0             1.6
1980     85          3.4         -5.6          8.0       7.6             1.4
1980     86          9.0          -.2         19.7        .0             5.6
1980     87          1.4         -1.2          3.0      20.3             1.4
1980     88           .5         -3.9         22.9       2.5              .8
1980     89          -.1         -4.3         15.5        .0              .6
1980     90          6.2         -7.8         23.9        .0              .6
1980     91          2.4         -1.0          2.4        .0              .7
1980     92          1.5         -1.2          6.4        .0              .7
1980     93          1.0         -5.5         14.0        .0              .3
1980     94          2.0         -5.1         25.5        .0              .5
1980     95         13.1         -6.3         25.1        .0             3.4
1980     96         16.9          -.7         18.2        .0             5.6
1980     97         17.2          -.7         25.1        .0             7.1
1980     98         15.1         -1.0         13.2        .0             5.7
1980     99         19.1         -3.1         23.5        .0             5.7
1980    100          8.9          1.1         24.3        .0             4.9
1980    101         18.6         -2.0         15.8       2.5             6.9
1980    102          4.9         -1.3          5.1        .0             2.9
1980    103          7.3         -2.7         19.7        .0             3.3
1980    104          9.2         -4.1         18.5        .0             3.6
1980    105         14.5         -4.8         27.1        .0             6.1
1980    106         20.5         -2.0         23.3        .0             9.8
1980    107         15.8           .5         24.6        .0            10.0
1980    108         18.0           .4         27.0        .0             9.8
1980    109         21.1         -2.4         26.9        .0            11.1
1980    110         27.2          -.1         24.2        .0            13.0
1980    111         27.3          2.6         26.5        .0            13.7
1980    112         28.8          2.6         27.2        .0            14.3
1980    113         25.4          3.8         24.1        .0            14.5
1980    114         18.6          6.8         11.4       5.1            12.9
1980    115         10.4          5.2          3.4      12.7             8.7
1980    116         10.1          2.9         11.4       2.5             7.7
1980    117         13.2          3.9         14.1        .0             8.3
1980    118         16.2          1.7         20.2        .0            10.4
1980    119         22.0           .3         26.6        .0            11.6
1980    120         22.2          4.1         23.8        .0            13.0
1980    121         12.9          6.5          2.8      22.9            10.6
1980    122         12.4          6.7          2.6      20.3             9.6
1980    123         17.1          5.2          8.8        .0            11.2
1980    124         18.9          2.8         15.1        .0            11.8
1980    125         19.7          3.9         15.9        .0            11.7
1980    126         23.3          4.2         17.4        .0            12.8
1980    127         22.0          6.7         19.2      10.2            13.3
1980    128         14.9          5.6         16.4        .0            12.8
1980    129          6.9          1.8          7.6        .0             8.5
1980    130         23.3          2.2         24.1        .0            10.5
1980    131         22.4          6.0         16.6        .0            11.8
1980    132         13.0          4.4         15.2        .0            10.4
1980    133         17.8          3.6         26.1        .0            10.6
1980    134         17.4          -.9         28.5       2.5            10.7
1980    135         16.2          5.3         13.9        .0            10.1
1980    136         12.1          5.4          5.3        .0             9.1
1980    137          9.2          4.5          3.1        .0             7.0
1980    138         11.0          1.7          7.5        .0             6.7
1980    139         15.9          1.6         20.1        .0             8.0
1980    140         20.0         -1.7         24.6        .0             9.2
1980    141         23.2          6.8         25.7        .0            11.1
1980    142         23.0          4.1         29.8        .0            11.6
1980    143         20.5          4.0         26.6        .0            12.0
1980    144         24.6         10.4         27.1        .0            13.7
1980    145         26.3          9.6         29.5        .0            15.1
1980    146         23.7          5.8         28.8        .0            13.2
1980    147         25.9          6.1         27.6        .0            13.6
1980    148         19.0         10.3          9.4        .0            13.1
1980    149         27.2         10.3         28.0        .0            14.9
1980    150         26.7          8.0         27.3        .0            15.7
1980    151         24.3          4.2         29.6        .0            13.8
1980    152         30.8          9.0         28.2        .0            15.9
1980    153         24.5         10.6         25.6        .0            15.8
1980    154         25.5          9.4         30.1        .0            15.8
1980    155         32.5          4.6         29.9        .0            15.7
1980    156         34.0         11.4         29.9        .0            18.6
1980    157         34.9         12.0         30.6        .0            19.8
1980    158         32.2          8.1         18.1        .0            17.3
1980    159         27.2         13.5         26.0        .0            18.6
1980    160         15.5         10.3         10.1        .0            14.7
1980    161         22.4          5.5         21.0        .0            14.6
1980    162         28.9          8.2         24.8        .0            17.2
1980    163         30.0         14.4        999.9       2.5           999.9
1980    164         36.7         15.6        999.9        .0           999.9
1980    165         36.7         11.1        999.9        .0           999.9
1980    166         37.2         10.0        999.9        .0           999.9
1980    167         29.4         13.3        999.9        .0           999.9
1980    168         23.8          8.3        999.9      38.1           999.9
1980    169         26.7         11.7        999.9        .0           999.9
1980    170         30.0         13.9        999.9        .0           999.9
1980    171         25.6         13.3        999.9        .0           999.9
1980    172         25.6         10.0        999.9      45.7           999.9
1980    173         31.1         14.4        999.9        .0           999.9
1980    174         29.4         16.1        999.9      15.2           999.9
1980    175         34.4         13.9        999.9        .0           999.9
1980    176         35.6         16.1        999.9        .0           999.9
1980    177         35.6         17.2        999.9        .0           999.9
1980    178         38.9         14.4        999.9        .0           999.9
1980    179         38.3         18.9        999.9        .0           999.9
1980    180         32.8         15.6        999.9        .0           999.9
1980    181         34.4         16.1        999.9        .0           999.9
1980    182         40.0         15.6        999.9        .0           999.9
1980    183         35.0         15.6        999.9        .0           999.9
1980    184         31.1         16.1        999.9        .0           999.9
1980    185         35.6         13.9        999.9        .0           999.9
1980    186         37.8         16.7        999.9        .0           999.9
1980    187         38.9         16.7        999.9        .0           999.9
1980    188         38.3         17.8        999.9        .0           999.9
1980    189         38.3         21.7        999.9        .0           999.9
1980    190         36.7         18.3        999.9        .0           999.9
1980    191         40.6         15.6        999.9        .0           999.9
1980    192         40.0         18.9        999.9        .0           999.9
1980    193         41.1         18.9        999.9        .0           999.9
1980    194         37.8         16.7        999.9        .0           999.9
1980    195         40.6         20.0        999.9        .0           999.9
1980    196         40.6         17.8        999.9        .0           999.9
1980    197         37.8         16.7        999.9        .0           999.9
1980    198         37.2         16.1        999.9        .0           999.9
1980    199         40.0         17.2        999.9        .0           999.9
1980    200         37.2         17.8        999.9        .0           999.9
1980    201         40.0         21.1        999.9        .0           999.9
1980    202         36.1         16.7        999.9       2.5           999.9
1980    203         30.0         13.9        999.9        .0           999.9
1980    204         32.8         13.9        999.9        .0           999.9
1980    205         34.4         16.7        999.9        .0           999.9
1980    206         37.2         15.0        999.9       2.5           999.9
1980    207         33.3         15.6        999.9        .0           999.9
1980    208         31.1         15.0        999.9      15.2           999.9
1980    209         33.3         13.3        999.9       2.5           999.9
1980    210         37.8         13.3        999.9        .0           999.9
1980    211         40.6         17.2        999.9        .0           999.9
1980    212         38.3         17.8        999.9        .0           999.9
1980    213         36.7         17.2        999.9        .0           999.9
1980    214         40.0         16.7        999.9        .0           999.9
1980    215         35.6         18.3        999.9      10.2           999.9
1980    216         37.8         14.4        999.9        .0           999.9
1980    217         31.1         13.3        999.9        .0           999.9
1980    218         37.8         15.0        999.9        .0           999.9
1980    219         37.8         18.3        999.9        .0           999.9
1980    220         37.2         20.0        999.9        .0           999.9